30 305
3
3
8
8
8
4
3
3
1
6
3
9
1
8
7
4
1
4
7
4
1
9
6
10
2
2
4
3
1
10
1 2 7
1 3 5
1 4 10
1 5 6
1 6 5
1 7 6
1 9 6
1 10 5
1 11 7
1 13 7
1 15 5
1 16 6
1 17 7
1 21 6
1 23 7
1 26 6
1 27 6
1 29 6
2 3 5
2 5 3
2 6 1
2 8 5
2 9 2
2 10 1
2 11 3
2 12 5
2 13 1
2 14 10
2 15 1
2 16 3
2 18 5
2 19 5
2 20 6
2 21 2
2 22 6
2 23 2
2 27 3
2 28 7
3 4 9
3 5 1
3 6 1
3 7 2
3 8 1
3 10 3
3 12 1
3 13 1
3 16 1
3 19 2
3 20 2
3 21 1
3 22 1
3 23 3
3 25 6
3 27 3
3 29 1
4 5 2
4 7 2
4 8 9
4 9 9
4 11 8
4 12 2
4 14 9
4 15 1
4 17 9
4 18 9
4 20 9
4 22 10
4 23 9
4 25 3
5 6 2
5 7 2
5 8 1
5 9 3
5 10 2
5 13 3
5 14 8
5 15 3
5 19 2
5 20 2
5 21 2
5 22 2
5 23 3
5 25 2
5 27 2
5 28 2
5 29 2
5 30 5
6 7 3
6 9 3
6 10 1
6 11 3
6 14 10
6 15 2
6 16 2
6 18 3
6 22 2
6 23 2
6 24 5
6 25 3
6 26 2
6 27 2
6 28 1
7 8 2
7 9 3
7 10 1
7 11 2
7 12 3
7 13 3
7 14 9
7 15 2
7 16 2
7 18 3
7 20 2
7 21 3
7 23 3
7 24 1
7 26 3
7 27 3
7 28 2
7 30 1
8 9 3
8 10 3
8 11 3
8 12 2
8 13 1
8 15 1
8 16 3
8 17 2
8 18 1
8 19 2
8 20 2
8 23 2
8 24 2
8 25 1
8 27 1
8 28 1
8 29 2
8 30 3
9 10 3
9 11 3
9 12 2
9 13 3
9 15 1
9 16 3
9 17 3
9 18 2
9 20 3
9 22 3
9 23 2
9 25 2
9 27 1
9 29 3
9 30 1
10 11 2
10 13 3
10 14 10
10 16 2
10 17 1
10 20 3
10 21 1
10 22 3
10 23 1
10 24 1
10 25 3
10 26 1
10 27 3
10 28 2
11 12 2
11 13 2
11 15 2
11 16 1
11 17 3
11 18 2
11 21 2
11 22 2
11 23 3
11 25 1
11 26 2
11 28 3
11 29 1
12 13 1
12 14 9
12 15 2
12 16 2
12 19 2
12 20 1
12 21 2
12 22 3
12 23 3
12 25 2
12 26 1
12 27 1
12 28 1
13 14 8
13 16 3
13 17 3
13 18 1
13 19 3
13 20 1
13 21 1
13 22 2
13 23 2
13 24 1
13 26 1
13 27 1
13 28 2
13 29 3
14 15 9
14 18 1
14 19 9
14 21 10
14 24 9
14 25 10
14 26 9
14 28 9
14 29 10
15 16 3
15 17 3
15 18 2
15 19 3
15 21 3
15 22 1
15 24 1
15 25 1
15 27 2
15 28 2
15 29 2
15 30 2
16 17 3
16 19 1
16 21 3
16 22 2
16 23 1
16 24 8
16 25 2
16 26 3
16 28 3
16 29 2
16 30 2
17 18 2
17 19 1
17 20 2
17 21 3
17 23 3
17 24 2
17 25 3
17 28 3
17 29 1
17 30 3
18 19 1
18 20 2
18 22 3
18 24 3
18 25 2
18 26 3
18 27 2
18 30 1
19 20 2
19 21 1
19 23 2
19 24 3
19 25 3
19 26 3
19 29 1
19 30 1
20 21 3
20 23 3
20 24 3
20 25 2
20 26 3
20 27 2
20 28 1
20 29 2
21 22 3
21 24 2
21 25 2
21 30 3
22 23 2
22 24 2
22 25 1
22 26 3
22 27 2
22 29 3
23 24 1
23 25 2
23 27 2
23 28 3
23 29 3
23 30 3
24 25 3
24 30 9
25 26 1
25 27 3
25 28 2
25 29 1
25 30 3
26 27 2
26 28 2
26 29 3
26 30 1
27 28 3
27 30 9
28 29 2
28 30 1
29 30 2
