30 218 41.25
6
3
5
5
9
5
10
3
1
3
8
6
3
8
8
10
3
8
10
1
5
4
1
6
3
7
6
9
2
9
1 2 7
1 3 5
1 6 5
1 8 7
1 11 5
1 15 7
1 19 9
1 21 5
1 24 5
1 25 6
1 27 6
2 3 7
2 6 2
2 7 5
2 8 2
2 9 5
2 10 7
2 13 5
2 14 7
2 15 3
2 16 10
2 17 5
2 22 6
2 23 6
2 24 1
2 26 5
3 4 7
3 5 5
3 6 1
3 7 1
3 9 1
3 10 1
3 12 7
3 15 1
3 18 8
3 19 2
3 24 3
3 27 3
3 28 6
4 5 3
4 6 1
4 7 2
4 8 1
4 9 1
4 11 1
4 13 1
4 14 3
4 16 8
4 17 3
4 20 7
4 21 1
4 25 2
4 26 3
4 29 7
5 6 9
5 7 2
5 17 1
5 18 8
5 21 8
5 25 2
5 28 1
5 29 3
5 30 10
6 7 2
6 8 1
6 11 2
6 12 1
6 13 2
6 14 3
6 17 1
6 19 2
6 22 2
6 23 1
6 24 2
6 25 1
6 26 2
6 27 1
6 29 2
7 8 3
7 11 1
7 15 2
7 17 1
7 21 1
7 22 9
7 24 3
7 27 3
7 30 10
8 9 3
8 12 1
8 14 2
8 17 1
8 19 2
8 21 1
8 22 1
8 23 3
8 28 2
8 29 2
8 30 8
9 10 1
9 12 2
9 14 3
9 16 8
9 18 1
9 24 3
9 26 1
9 28 3
9 29 3
10 11 1
10 12 3
10 13 2
10 14 1
10 18 10
10 19 3
10 20 3
10 21 3
10 22 2
10 23 3
10 24 3
10 26 1
10 27 2
10 28 1
10 29 2
11 12 3
11 13 2
11 15 3
11 16 9
11 22 1
11 23 2
11 25 2
11 26 2
11 27 1
11 29 2
12 13 1
12 17 1
12 18 9
12 19 1
12 20 2
12 21 2
12 22 3
12 23 2
12 25 3
12 27 1
13 14 1
13 15 3
13 18 8
13 21 3
13 22 3
13 25 3
13 26 2
13 28 3
14 15 3
14 16 3
14 20 2
14 21 1
14 24 1
14 25 3
14 30 8
15 16 1
15 17 2
15 18 2
15 19 1
15 21 2
15 23 3
15 24 2
15 25 2
15 26 2
15 30 8
16 17 3
16 18 1
16 23 2
16 24 9
16 30 9
17 18 8
17 19 1
17 20 3
17 23 1
17 24 1
17 26 1
17 29 2
18 19 10
18 26 8
18 27 8
18 29 2
19 20 9
19 24 2
19 26 3
19 27 2
20 21 3
20 23 1
20 24 2
20 25 3
20 26 1
20 27 2
20 29 2
21 22 1
21 23 1
21 25 1
21 26 2
21 27 2
21 28 2
21 29 2
22 23 3
22 24 3
22 26 1
23 24 3
23 28 3
23 29 1
23 30 8
24 25 1
25 26 1
25 28 1
25 30 8
26 27 2
27 28 3
27 29 2
28 29 2
28 30 8
29 30 9
