30 131
10
7
7
1
8
9
10
10
6
4
9
6
8
7
10
9
8
5
7
9
9
7
7
9
6
7
8
6
8
8
1 2 8
1 3 9
1 5 10
1 7 3
1 9 8
1 19 10
1 25 8
1 28 9
2 3 3
2 11 5
2 22 2
2 23 5
2 27 3
3 4 5
3 6 7
3 9 5
3 10 1
3 15 7
3 18 7
3 19 7
3 29 1
4 5 9
4 6 2
4 7 2
4 11 2
4 12 7
4 13 3
4 14 7
4 15 7
4 17 4
4 27 1
4 29 6
5 6 8
5 10 3
5 17 8
5 21 8
5 22 6
5 25 1
6 7 10
6 12 8
6 14 10
6 25 7
7 8 3
7 12 4
7 20 2
7 26 6
8 9 5
8 10 5
8 16 6
8 18 3
8 21 8
8 22 2
8 23 3
8 26 1
8 28 4
9 10 1
9 18 2
9 20 4
9 25 7
9 26 4
9 27 2
10 11 3
10 12 2
10 14 1
10 15 5
10 16 3
10 18 6
10 21 9
11 12 2
11 13 1
11 15 4
11 17 6
11 20 2
11 24 10
12 13 5
12 14 4
12 16 2
12 19 1
12 20 1
12 22 6
12 29 3
13 14 3
13 15 1
13 25 3
13 26 1
13 29 10
14 15 7
14 19 7
14 22 4
14 23 5
14 28 2
15 16 10
15 23 1
15 25 1
16 17 5
16 24 10
16 25 5
17 18 6
17 25 5
17 26 4
17 27 9
18 19 5
18 21 9
18 22 3
18 23 3
18 25 4
19 20 6
19 23 6
19 26 1
20 21 10
20 24 5
20 25 3
21 22 10
21 24 10
21 26 10
21 30 10
22 23 6
22 27 1
22 30 2
23 24 9
23 29 3
24 25 7
24 29 5
25 26 3
25 28 7
26 27 6
26 30 1
27 28 3
27 29 4
28 29 7
29 30 10
