30 87 41.25
8
9
5
4
3
10
10
4
5
7
4
10
8
4
2
9
9
3
8
6
8
8
3
8
9
1
8
10
3
2
1 2 10
2 3 9
2 10 6
2 25 10
3 4 6
3 24 5
4 5 6
4 8 6
4 15 5
4 16 10
4 18 7
4 24 2
4 29 7
5 6 8
5 13 6
5 18 2
6 7 8
6 10 5
6 11 10
6 16 8
7 8 1
7 20 7
7 24 1
8 9 6
8 13 9
8 14 6
8 15 2
8 20 1
8 24 1
9 10 2
9 19 6
9 21 9
9 24 2
9 26 7
9 30 5
10 11 2
10 12 5
10 20 2
10 21 3
10 25 10
11 12 3
11 14 3
11 15 1
11 18 1
11 19 3
11 29 3
12 13 8
12 17 8
12 29 10
12 30 10
13 14 1
13 19 8
13 29 1
14 15 1
14 16 2
14 25 8
14 26 1
14 29 1
15 16 3
15 21 8
15 24 2
15 26 2
15 28 5
16 17 10
17 18 8
17 25 9
18 19 2
18 27 5
18 29 1
19 20 3
19 27 10
20 21 9
20 22 6
20 26 1
20 27 2
21 22 9
21 25 10
22 23 10
22 24 2
23 24 2
23 26 3
24 25 10
25 26 9
26 27 1
27 28 10
28 29 1
29 30 3
