50 245 
3
8
2
6
10
3
9
3
10
1
9
8
8
9
10
10
8
6
10
9
1
9
4
6
8
6
1
7
9
4
5
1
5
2
1
2
6
2
9
10
8
9
4
10
2
9
8
7
9
8
1 2 10
1 6 6
1 7 6
1 18 6
1 33 5
1 36 6
2 3 7
2 6 2
2 10 6
2 12 9
2 18 3
2 19 5
2 21 5
2 35 5
3 4 5
3 7 7
3 9 7
3 18 2
3 22 9
3 26 7
3 31 6
3 34 5
3 36 2
3 47 6
4 5 7
4 7 2
4 8 5
4 16 10
4 18 1
4 21 3
4 24 6
4 37 6
4 44 5
5 6 1
5 8 3
5 18 1
5 20 8
5 31 2
5 33 1
6 7 1
6 12 10
6 13 5
6 17 5
6 19 1
6 24 1
6 25 5
6 41 5
6 43 7
6 44 1
6 49 7
7 8 2
7 16 2
7 22 8
7 26 3
7 29 7
7 30 7
7 31 2
7 33 2
7 37 1
7 39 7
7 46 5
8 9 2
8 24 1
8 28 6
8 29 10
8 35 1
8 42 5
8 44 2
9 10 3
9 20 3
9 26 2
9 28 1
9 31 1
9 32 5
9 34 1
9 40 5
9 42 1
9 44 2
9 45 7
9 46 8
9 48 6
10 11 10
10 23 5
10 24 3
10 28 1
10 34 1
11 12 8
11 25 3
11 30 1
11 32 3
11 47 2
11 49 3
12 13 9
12 22 9
12 34 10
12 35 8
12 44 8
13 14 10
13 28 1
13 34 2
13 35 3
13 38 7
14 15 9
14 17 3
14 18 8
14 26 9
14 37 8
14 39 9
14 45 8
15 16 10
15 17 8
15 29 9
15 32 9
15 36 8
15 38 9
15 50 8
16 17 1
16 36 2
16 37 2
17 18 2
17 25 2
17 31 3
17 32 3
17 35 1
17 36 3
17 38 1
17 40 3
18 19 3
18 28 3
18 44 3
19 20 1
19 25 3
19 26 1
19 27 7
19 46 8
19 49 2
20 21 3
20 22 10
20 24 9
20 30 1
20 37 1
20 45 1
21 22 8
21 23 1
21 25 3
21 28 2
21 36 2
21 39 3
21 42 2
21 49 2
22 23 9
22 30 9
22 35 2
23 24 3
23 25 2
23 34 1
23 35 2
23 36 1
23 42 1
23 49 1
24 25 2
24 28 1
24 35 1
24 36 2
24 39 2
24 44 2
25 26 1
25 27 3
25 30 3
25 32 1
25 35 1
25 39 3
25 42 3
25 45 2
25 46 10
26 27 1
26 31 1
26 37 1
26 38 1
26 43 1
27 28 3
27 41 8
27 47 2
28 29 9
28 31 1
28 35 2
28 39 2
29 30 2
29 36 1
29 46 8
30 31 2
30 33 1
30 38 2
30 40 2
30 47 3
30 50 1
31 32 2
31 33 1
31 39 2
31 47 9
32 33 1
32 35 1
32 36 2
32 45 3
33 34 3
33 42 8
33 45 3
33 49 2
34 35 1
34 39 2
34 43 3
34 45 1
34 49 1
35 36 3
35 45 1
36 37 1
36 38 3
36 39 2
36 41 1
36 48 3
37 38 1
37 42 1
37 47 3
37 49 1
38 39 1
38 45 2
39 40 3
39 45 1
39 49 1
40 41 9
40 42 3
40 47 1
41 42 8
41 46 10
42 43 9
43 44 3
44 45 3
44 49 1
45 46 2
45 48 1
45 49 1
46 47 8
47 48 9
48 49 3
49 50 8
