50 858
1
4
10
6
7
7
3
5
6
6
7
5
8
10
9
9
9
2
4
8
2
7
5
3
3
9
9
8
3
8
4
2
1
6
2
8
1
2
9
1
2
5
5
5
4
5
2
6
1
8
1 2 6
1 3 7
1 5 7
1 7 6
1 8 5
1 9 5
1 10 6
1 11 7
1 12 6
1 13 6
1 14 7
1 15 5
1 16 5
1 17 7
1 18 5
1 20 10
1 21 6
1 23 7
1 24 6
1 25 5
1 29 5
1 30 6
1 33 6
1 35 7
1 37 5
1 38 6
1 41 5
1 45 7
1 46 7
1 47 5
1 48 5
1 49 6
2 3 10
2 5 3
2 6 7
2 7 2
2 8 3
2 9 3
2 10 2
2 11 3
2 12 1
2 16 1
2 18 1
2 19 7
2 24 3
2 25 3
2 26 6
2 27 7
2 29 3
2 30 3
2 33 1
2 34 5
2 35 1
2 36 6
2 37 3
2 38 1
2 40 5
2 41 1
2 42 5
2 43 6
2 44 5
2 45 3
2 46 3
2 47 1
2 49 1
3 4 7
3 6 1
3 7 2
3 8 2
3 9 3
3 12 1
3 13 1
3 14 1
3 16 2
3 19 1
3 25 9
3 26 1
3 27 2
3 28 7
3 32 6
3 33 3
3 34 3
3 35 3
3 37 2
3 39 7
3 41 8
3 42 3
3 46 1
3 47 1
3 48 3
3 49 3
3 50 8
4 5 3
4 7 2
4 8 1
4 9 2
4 10 1
4 11 1
4 12 3
4 13 1
4 14 2
4 15 3
4 16 3
4 17 3
4 19 2
4 20 9
4 23 3
4 24 2
4 25 2
4 27 1
4 29 2
4 30 3
4 32 3
4 33 1
4 35 2
4 37 3
4 38 2
4 39 1
4 40 2
4 41 3
4 43 3
4 44 3
4 45 2
4 47 2
4 48 1
4 49 3
5 6 3
5 9 1
5 10 3
5 11 2
5 13 3
5 14 1
5 15 2
5 16 1
5 19 3
5 20 9
5 22 7
5 23 2
5 24 2
5 26 3
5 27 1
5 28 3
5 30 2
5 34 3
5 35 2
5 36 3
5 37 1
5 39 3
5 40 3
5 41 3
5 42 1
5 44 1
5 45 1
5 47 2
5 48 1
6 7 2
6 9 3
6 10 3
6 11 1
6 12 2
6 13 2
6 16 1
6 17 1
6 18 3
6 19 3
6 20 10
6 22 1
6 23 3
6 24 2
6 25 1
6 27 2
6 28 2
6 29 1
6 30 2
6 31 6
6 33 2
6 35 1
6 36 1
6 38 1
6 43 2
6 44 3
6 45 1
6 47 3
6 48 3
6 49 2
7 8 1
7 9 1
7 12 2
7 13 3
7 14 3
7 15 1
7 16 2
7 18 3
7 19 2
7 20 1
7 21 1
7 23 2
7 24 2
7 25 3
7 27 3
7 28 2
7 29 3
7 33 3
7 34 3
7 35 1
7 36 2
7 37 1
7 39 2
7 40 1
7 44 2
7 47 3
7 48 1
7 50 10
8 9 2
8 10 3
8 11 3
8 12 3
8 15 3
8 16 1
8 18 2
8 19 2
8 20 9
8 22 3
8 23 3
8 26 3
8 27 1
8 28 3
8 29 1
8 30 1
8 32 2
8 33 2
8 34 3
8 36 2
8 37 3
8 38 2
8 40 3
8 41 2
8 42 2
8 46 1
8 48 2
8 49 2
9 10 3
9 11 2
9 12 3
9 13 3
9 15 1
9 16 3
9 19 1
9 20 9
9 22 3
9 23 1
9 25 3
9 26 1
9 27 2
9 28 1
9 29 3
9 30 2
9 31 3
9 32 1
9 33 3
9 35 3
9 36 2
9 37 1
9 39 3
9 40 3
9 41 2
9 44 2
9 45 2
9 46 2
9 47 3
9 48 2
9 49 2
9 50 2
10 11 3
10 12 2
10 13 2
10 14 3
10 15 3
10 16 2
10 17 3
10 18 2
10 19 2
10 21 1
10 24 2
10 25 2
10 26 2
10 28 1
10 29 1
10 30 1
10 31 2
10 33 3
10 34 2
10 35 3
10 36 2
10 37 3
10 38 2
10 39 3
10 40 3
10 41 3
10 42 1
10 43 2
10 44 3
10 45 1
10 48 3
10 49 3
10 50 9
11 12 2
11 13 3
11 14 2
11 17 2
11 18 3
11 19 2
11 20 9
11 23 2
11 24 1
11 25 3
11 26 3
11 28 3
11 29 2
11 30 3
11 31 1
11 32 3
11 34 2
11 35 1
11 40 1
11 42 2
11 43 1
11 44 1
11 45 2
11 46 2
11 48 2
11 49 3
11 50 3
12 13 1
12 14 3
12 15 3
12 16 2
12 17 3
12 18 1
12 21 1
12 23 1
12 24 3
12 25 3
12 26 2
12 27 3
12 30 1
12 31 1
12 32 3
12 33 2
12 34 1
12 35 2
12 36 3
12 37 2
12 38 2
12 39 3
12 40 3
12 41 2
12 42 2
12 44 3
12 45 3
12 46 1
12 47 2
12 48 2
12 49 3
12 50 10
13 14 2
13 15 10
13 17 3
13 18 1
13 19 3
13 20 8
13 21 2
13 22 3
13 23 8
13 26 2
13 27 1
13 29 3
13 33 2
13 35 1
13 36 1
13 39 1
13 41 3
13 42 3
13 43 2
13 45 2
13 46 2
14 15 1
14 16 2
14 17 1
14 18 1
14 19 2
14 20 8
14 21 1
14 22 3
14 24 1
14 26 1
14 27 3
14 29 3
14 30 2
14 32 3
14 33 1
14 34 1
14 35 3
14 37 3
14 38 1
14 39 1
14 42 2
14 43 1
14 44 1
14 45 2
14 46 3
14 48 2
14 49 3
15 16 2
15 19 3
15 22 3
15 23 2
15 24 3
15 25 3
15 27 1
15 29 2
15 30 3
15 31 2
15 32 3
15 33 3
15 34 2
15 35 1
15 38 2
15 39 3
15 41 1
15 43 2
15 45 3
15 46 3
15 48 1
15 49 1
16 17 3
16 18 2
16 20 10
16 22 3
16 23 3
16 25 2
16 26 1
16 27 2
16 28 3
16 29 2
16 31 1
16 32 1
16 33 2
16 34 2
16 35 1
16 36 3
16 38 2
16 39 2
16 40 2
16 41 3
16 44 3
16 45 2
16 46 2
16 47 2
16 48 1
16 49 3
16 50 2
17 18 9
17 19 2
17 20 1
17 22 9
17 26 3
17 27 10
17 30 9
17 31 2
17 32 3
17 33 2
17 35 2
17 37 3
17 40 1
17 42 3
17 44 2
17 47 1
17 49 1
17 50 10
18 19 1
18 22 2
18 23 1
18 24 1
18 25 2
18 26 2
18 27 3
18 28 3
18 29 1
18 30 1
18 31 1
18 32 1
18 33 2
18 34 3
18 38 2
18 39 2
18 40 1
18 43 1
18 44 1
18 45 2
19 20 10
19 21 2
19 22 3
19 23 1
19 26 1
19 27 1
19 28 3
19 29 1
19 30 3
19 31 3
19 32 1
19 34 3
19 35 3
19 36 3
19 37 1
19 38 3
19 39 1
19 40 2
19 41 3
19 44 2
19 46 1
19 47 1
19 49 1
20 21 10
20 24 1
20 26 9
20 28 9
20 29 8
20 31 10
20 32 10
20 33 9
20 34 10
20 36 2
20 37 10
20 39 8
20 40 1
20 42 9
20 45 10
20 47 8
20 48 9
20 50 9
21 22 2
21 25 2
21 27 2
21 29 2
21 30 3
21 31 3
21 33 2
21 34 1
21 35 1
21 36 3
21 37 2
21 38 2
21 39 2
21 40 3
21 41 3
21 42 2
21 43 3
21 44 2
21 45 1
21 47 2
21 48 2
21 49 2
22 23 3
22 24 2
22 25 2
22 26 3
22 27 3
22 28 1
22 29 1
22 30 1
22 31 1
22 32 1
22 33 2
22 34 3
22 37 3
22 39 1
22 40 2
22 41 2
22 43 3
22 44 3
22 45 1
22 46 2
22 47 2
22 49 2
23 24 3
23 25 1
23 26 1
23 27 2
23 28 2
23 29 3
23 31 2
23 32 2
23 33 2
23 34 3
23 35 2
23 36 2
23 37 2
23 41 2
23 43 1
23 44 1
23 45 1
23 47 1
23 48 3
23 49 1
24 25 3
24 26 2
24 28 2
24 29 1
24 30 3
24 32 1
24 35 3
24 36 1
24 38 1
24 39 1
24 41 2
24 42 1
24 44 1
24 45 3
24 46 2
24 48 3
24 50 9
25 26 3
25 27 3
25 28 3
25 29 1
25 30 3
25 32 1
25 33 1
25 36 2
25 37 2
25 38 3
25 42 2
25 43 2
25 45 2
25 46 1
25 47 3
25 48 2
25 49 3
26 27 1
26 28 3
26 30 3
26 31 3
26 32 3
26 33 3
26 34 3
26 35 1
26 37 1
26 38 2
26 39 3
26 40 1
26 42 2
26 43 2
26 44 3
26 46 1
26 48 2
26 49 2
27 28 2
27 29 1
27 32 1
27 33 1
27 34 3
27 35 3
27 36 1
27 37 2
27 39 2
27 40 3
27 41 2
27 42 2
27 43 2
27 44 1
27 46 2
27 47 3
27 49 2
28 29 2
28 30 3
28 31 2
28 32 3
28 33 3
28 34 3
28 35 1
28 36 1
28 37 2
28 39 2
28 41 3
28 42 1
28 43 2
28 45 3
28 46 2
28 47 1
28 48 1
28 49 3
28 50 1
29 30 1
29 31 2
29 34 2
29 35 2
29 36 2
29 37 2
29 38 3
29 39 3
29 41 2
29 42 3
29 43 2
29 44 3
29 46 2
29 47 2
29 49 3
30 31 1
30 32 2
30 33 2
30 35 2
30 36 2
30 37 3
30 39 2
30 40 2
30 41 1
30 44 2
30 47 1
30 48 2
30 49 2
31 32 2
31 33 1
31 34 1
31 35 1
31 36 1
31 38 3
31 39 2
31 40 2
31 41 3
31 42 2
31 43 1
31 44 2
31 45 2
31 46 1
31 48 2
31 49 2
32 33 2
32 34 1
32 35 1
32 38 3
32 40 2
32 42 1
32 43 2
32 44 3
32 45 1
32 48 1
33 34 2
33 35 2
33 40 2
33 42 3
33 44 3
33 45 3
33 46 1
33 48 3
33 50 2
34 35 3
34 36 2
34 37 2
34 39 2
34 41 1
34 42 3
34 43 2
34 44 3
34 45 2
34 48 2
34 49 1
34 50 1
35 36 2
35 37 1
35 39 2
35 44 1
35 45 1
35 46 2
35 47 2
35 48 3
35 49 3
35 50 8
36 37 2
36 40 1
36 41 1
36 42 1
36 43 1
36 44 1
36 45 3
36 46 2
36 47 2
36 48 3
36 50 8
37 38 1
37 39 1
37 40 3
37 41 3
37 42 3
37 43 1
37 45 2
37 46 1
37 47 2
37 49 2
38 39 3
38 40 2
38 41 1
38 42 3
38 43 1
38 44 1
38 45 3
38 46 2
38 47 2
38 48 1
38 49 2
38 50 9
39 40 3
39 41 3
39 42 3
39 43 2
39 44 2
39 45 2
39 46 3
39 49 3
40 41 3
40 42 3
40 46 3
40 47 3
40 49 2
40 50 8
41 42 2
41 43 3
41 44 3
41 45 2
41 46 2
41 49 3
42 43 2
42 44 1
42 45 2
42 47 2
42 48 2
42 49 1
43 44 3
43 46 2
43 47 3
43 48 3
43 49 3
43 50 10
44 45 2
44 46 2
44 47 1
44 48 3
44 49 3
44 50 8
45 46 3
45 47 1
45 49 2
46 47 1
46 49 3
46 50 9
47 48 2
48 49 3
49 50 10
