50 368
8
9
5
10
10
8
4
8
1
5
9
3
10
10
5
1
9
9
9
5
10
10
7
10
6
4
9
9
3
5
3
5
5
2
10
8
1
3
1
10
2
8
10
10
1
9
7
7
8
9
1 2 10
1 5 6
1 6 6
1 7 9
1 17 5
1 25 7
1 37 9
1 39 6
1 48 7
2 3 10
2 6 8
2 8 8
2 18 9
2 23 9
2 25 8
2 27 10
2 38 10
2 39 9
2 44 9
2 47 9
2 50 8
3 4 6
3 13 6
3 14 7
3 18 5
3 21 6
3 24 5
3 26 6
3 27 3
3 32 6
3 33 5
3 37 3
3 39 3
3 41 6
3 43 7
3 47 1
3 48 1
3 49 5
3 50 1
4 5 3
4 13 3
4 15 5
4 30 10
4 33 8
4 35 8
4 40 5
4 43 1
4 45 7
4 50 10
5 6 3
5 14 3
5 17 1
5 18 2
5 19 5
5 20 5
5 24 1
5 26 3
5 27 1
5 30 2
5 31 7
5 34 5
5 46 5
5 50 8
6 7 3
6 8 3
6 13 2
6 14 3
6 16 6
6 22 6
6 23 3
6 27 1
6 29 7
6 33 1
6 34 2
6 37 3
6 42 7
6 43 1
6 45 1
6 49 1
7 8 2
7 11 5
7 16 1
7 20 1
7 22 2
7 23 2
7 27 2
7 28 7
7 33 3
7 42 2
7 43 2
7 46 3
7 47 2
7 48 3
8 9 5
8 13 3
8 18 1
8 24 2
8 27 3
8 28 9
8 42 3
8 43 2
8 45 2
9 10 6
9 12 7
9 20 3
9 21 3
9 22 2
9 25 2
9 27 2
9 31 2
9 36 5
9 42 2
9 46 3
9 50 8
10 11 3
10 13 3
10 15 2
10 20 2
10 21 1
10 23 3
10 27 3
10 29 3
10 30 3
10 34 3
10 37 3
10 41 3
10 42 3
10 46 8
10 48 2
11 12 9
11 14 3
11 21 9
11 23 3
11 28 1
11 30 3
11 34 3
11 37 3
11 40 8
11 42 1
12 13 1
12 14 2
12 17 1
12 20 1
12 22 2
12 28 3
12 29 2
12 30 1
12 31 1
12 33 3
12 34 2
12 37 2
12 42 3
12 43 3
12 48 1
13 14 1
13 17 3
13 23 3
13 25 1
13 26 2
13 31 1
13 32 1
13 40 10
14 15 2
14 22 2
14 25 3
14 27 3
14 28 2
14 30 2
14 31 2
14 35 1
14 39 1
14 44 10
14 47 2
15 16 1
15 20 2
15 28 2
15 29 2
15 30 1
15 32 1
15 37 2
15 41 2
15 44 8
15 45 3
15 48 2
15 49 3
16 17 2
16 21 3
16 23 3
16 25 3
16 26 2
16 29 3
16 34 2
16 35 10
16 38 1
16 43 1
16 49 3
17 18 2
17 21 2
17 26 2
17 32 3
17 34 2
17 36 2
17 40 8
17 47 3
17 48 1
18 19 3
18 20 1
18 23 2
18 31 1
18 33 1
18 39 2
18 40 1
18 41 2
18 49 2
19 20 3
19 23 1
19 27 2
19 30 1
19 31 3
19 32 2
19 36 10
19 41 1
19 42 3
19 48 2
20 21 3
20 22 1
20 23 2
20 29 3
20 32 2
20 35 8
20 38 3
20 42 3
20 43 3
20 46 1
20 48 3
21 22 2
21 24 3
21 25 2
21 26 3
21 27 3
21 31 1
21 37 3
21 39 2
21 41 3
21 48 2
21 49 3
22 23 3
22 25 3
22 28 1
22 33 1
22 38 3
22 44 10
22 46 1
22 49 1
23 24 1
23 25 1
23 27 1
23 29 3
23 30 1
23 34 1
23 36 1
23 38 3
23 39 2
23 45 3
23 47 2
23 48 2
24 25 3
24 28 3
24 29 2
24 30 1
24 32 1
24 35 8
24 36 2
24 49 2
25 26 2
25 33 3
25 36 2
25 40 1
25 42 1
25 43 2
25 49 2
25 50 1
26 27 3
26 28 1
26 38 2
26 40 10
26 41 1
26 42 1
26 43 2
27 28 1
27 31 2
27 37 3
27 47 3
28 29 2
28 39 3
28 43 2
28 45 3
29 30 1
29 32 3
29 39 1
29 40 10
29 45 2
29 50 1
30 31 3
30 33 1
30 36 1
30 45 3
31 32 3
31 35 3
31 37 2
31 43 1
31 44 9
32 33 2
32 42 3
32 46 10
33 34 2
33 39 1
33 41 2
33 43 1
33 49 3
34 35 1
34 36 2
34 39 2
34 41 1
34 42 2
34 43 1
34 44 10
34 46 3
35 36 10
35 38 3
35 45 2
35 48 3
35 49 1
36 37 1
36 40 1
37 38 1
37 47 1
37 49 2
38 39 3
38 42 1
38 48 2
38 49 2
38 50 2
39 40 3
39 48 2
39 50 2
40 41 9
40 42 10
40 44 10
41 42 2
41 43 1
41 48 1
42 43 1
43 44 8
43 46 3
43 47 2
43 49 1
44 45 10
44 47 1
44 49 8
45 46 1
45 47 1
46 47 2
46 50 8
47 48 1
48 49 3
48 50 10
49 50 3
