50 613
8
9
1
9
9
8
2
10
5
10
6
7
5
7
1
10
2
8
10
10
3
8
1
8
6
1
10
10
6
2
9
10
1
3
9
5
5
3
9
10
4
7
10
5
3
2
9
9
5
10
1 2 9
1 13 7
1 17 5
1 24 5
1 28 5
1 30 6
1 31 7
1 37 7
1 39 8
1 42 7
1 44 6
1 45 7
2 3 10
2 9 6
2 15 7
2 17 1
2 19 8
2 23 5
2 26 7
2 28 1
2 29 7
2 30 1
2 32 7
2 37 1
2 40 6
2 41 5
2 43 9
2 45 3
2 49 5
3 4 7
3 5 7
3 6 5
3 8 6
3 10 6
3 11 5
3 14 7
3 16 5
3 17 7
3 20 5
3 22 5
3 23 1
3 24 2
3 26 1
3 27 7
3 29 2
3 31 2
3 32 2
3 33 5
3 34 7
3 35 7
3 38 7
3 41 2
3 42 1
3 43 2
3 45 1
3 47 6
3 49 1
4 5 2
4 6 3
4 7 5
4 8 2
4 10 1
4 13 1
4 16 2
4 20 3
4 23 2
4 24 3
4 29 3
4 32 2
4 34 2
4 36 5
4 37 2
4 38 3
4 41 2
4 42 3
4 43 1
4 44 2
4 46 7
4 47 1
4 48 9
5 6 2
5 9 1
5 11 3
5 13 1
5 14 3
5 16 2
5 21 6
5 22 1
5 23 1
5 24 2
5 25 6
5 26 3
5 28 2
5 29 1
5 30 3
5 31 1
5 33 3
5 34 1
5 35 10
5 38 3
5 40 2
5 44 1
5 46 2
6 7 1
6 10 3
6 11 2
6 12 5
6 13 2
6 18 6
6 19 10
6 20 3
6 21 3
6 22 1
6 24 2
6 25 3
6 27 3
6 29 3
6 30 2
6 33 1
6 36 2
6 37 2
6 42 2
6 44 3
6 45 3
6 49 2
7 8 2
7 9 2
7 10 2
7 11 1
7 13 1
7 14 3
7 15 1
7 17 2
7 18 1
7 19 9
7 20 1
7 22 1
7 23 1
7 25 1
7 26 3
7 27 3
7 28 3
7 32 1
7 33 2
7 34 3
7 36 3
7 38 1
7 40 1
7 41 1
7 43 1
7 44 1
7 45 3
7 47 1
8 9 2
8 11 3
8 15 2
8 16 2
8 20 2
8 24 1
8 26 1
8 27 1
8 28 3
8 29 3
8 30 1
8 32 3
8 33 1
8 34 2
8 36 2
8 37 3
8 38 1
8 41 3
8 46 3
8 50 10
9 10 2
9 13 3
9 17 3
9 18 3
9 20 1
9 22 1
9 23 1
9 25 1
9 26 1
9 31 2
9 32 2
9 36 2
9 38 2
9 39 2
9 40 2
9 42 1
9 45 1
9 46 2
9 50 8
10 11 3
10 12 2
10 13 1
10 14 3
10 16 3
10 17 1
10 18 2
10 20 1
10 21 2
10 22 2
10 26 1
10 27 3
10 33 1
10 34 1
10 35 1
10 39 10
10 45 3
10 49 1
11 12 1
11 13 1
11 14 3
11 15 3
11 16 2
11 19 10
11 20 2
11 22 2
11 23 1
11 25 3
11 30 3
11 31 3
11 38 1
11 39 1
11 43 1
11 44 3
11 47 1
11 49 3
12 13 1
12 14 3
12 15 2
12 17 1
12 18 10
12 22 1
12 23 2
12 24 3
12 25 3
12 26 2
12 28 2
12 29 3
12 30 2
12 32 3
12 34 2
12 37 1
12 41 2
12 42 1
12 43 2
12 44 1
12 49 2
13 14 3
13 15 1
13 16 1
13 20 3
13 23 2
13 25 1
13 26 3
13 28 1
13 30 2
13 33 1
13 37 2
13 38 3
13 42 1
13 45 3
13 47 2
13 48 2
13 50 10
14 15 3
14 16 3
14 17 2
14 19 9
14 22 1
14 23 1
14 25 1
14 26 2
14 27 2
14 32 1
14 33 2
14 38 2
14 42 1
14 43 3
14 44 1
14 46 2
15 16 1
15 17 1
15 18 2
15 19 10
15 21 3
15 23 2
15 27 3
15 33 3
15 34 3
15 35 1
15 36 2
15 37 2
15 39 2
15 40 2
15 43 2
15 48 3
15 49 3
15 50 3
16 17 3
16 21 3
16 23 3
16 24 3
16 26 2
16 27 9
16 28 2
16 29 1
16 31 2
16 33 3
16 34 3
16 36 2
16 40 2
16 41 3
16 42 3
16 46 2
16 47 1
16 49 2
17 18 2
17 19 9
17 20 3
17 21 1
17 23 1
17 27 2
17 29 2
17 30 1
17 32 2
17 38 2
17 39 1
17 40 2
17 41 2
17 42 3
17 44 3
17 46 1
17 48 3
17 49 1
18 19 10
18 22 9
18 29 3
18 30 3
18 33 3
18 34 2
18 37 1
18 40 3
18 42 1
18 44 1
18 45 2
18 46 1
18 47 1
18 48 1
18 49 1
19 20 9
19 21 10
19 29 8
19 30 9
19 31 8
19 32 9
19 33 8
19 34 10
19 38 10
19 41 10
19 46 9
19 47 9
19 49 8
19 50 9
20 21 3
20 22 3
20 26 3
20 31 3
20 35 3
20 36 2
20 37 1
20 38 1
20 40 2
20 42 3
20 43 1
20 47 3
20 49 1
21 22 3
21 24 2
21 26 3
21 27 3
21 29 3
21 30 3
21 32 3
21 33 1
21 34 2
21 35 2
21 36 3
21 38 3
21 40 3
21 41 1
21 46 3
22 23 1
22 24 2
22 25 1
22 26 1
22 29 2
22 30 2
22 31 1
22 32 3
22 33 2
22 34 3
22 37 3
22 38 2
22 40 1
22 41 2
22 42 3
22 43 3
22 44 1
22 45 3
22 49 2
23 24 2
23 26 3
23 28 3
23 29 1
23 30 1
23 31 1
23 34 1
23 35 2
23 37 2
23 40 3
23 41 1
23 42 2
23 44 1
23 45 3
23 48 8
24 25 1
24 28 1
24 29 2
24 33 2
24 35 3
24 41 2
24 42 3
24 44 3
24 45 2
24 46 1
24 48 2
24 49 1
24 50 8
25 26 1
25 28 3
25 29 1
25 30 3
25 32 1
25 33 3
25 37 3
25 39 10
25 40 2
25 43 3
25 44 2
25 46 1
25 47 1
26 27 1
26 28 3
26 32 3
26 34 1
26 36 3
26 37 1
26 39 3
26 40 1
26 41 3
26 42 3
26 43 2
26 45 3
26 46 2
26 47 3
26 48 1
26 50 8
27 28 1
27 30 1
27 33 2
27 37 3
27 41 3
27 43 3
27 44 1
27 47 3
27 48 8
28 29 2
28 30 3
28 31 2
28 33 1
28 35 1
28 36 1
28 38 1
28 39 1
28 42 3
28 43 3
28 44 3
28 48 1
28 50 10
29 30 1
29 33 2
29 35 3
29 37 2
29 38 3
29 42 3
29 44 2
29 45 1
29 46 3
29 49 3
30 31 3
30 32 3
30 34 1
30 35 3
30 36 3
30 37 2
30 45 1
30 46 2
30 47 2
30 48 3
30 49 1
31 32 1
31 34 3
31 37 1
31 38 2
31 41 2
31 42 2
31 44 1
31 45 2
31 46 1
31 47 3
31 49 2
32 33 1
32 34 2
32 35 3
32 40 3
32 43 2
32 44 2
32 46 1
32 47 1
33 34 1
33 37 1
33 43 1
33 46 3
33 49 3
34 35 2
34 36 1
34 37 1
34 38 1
34 40 2
34 44 2
34 45 1
34 50 2
35 36 3
35 37 3
35 40 1
35 43 2
35 44 3
35 45 3
35 47 3
35 48 8
35 49 3
36 37 2
36 40 2
36 42 2
36 43 2
36 46 3
36 47 1
36 48 8
36 49 1
37 38 3
37 40 3
37 42 3
37 43 1
37 44 1
37 45 3
37 46 1
37 47 1
37 48 10
37 49 3
38 39 3
38 41 2
38 42 3
38 43 2
38 45 1
38 48 2
38 49 2
39 40 3
39 42 2
39 44 10
39 48 9
40 41 1
40 43 1
40 47 2
40 50 9
41 42 1
41 43 2
41 45 3
41 46 2
41 49 3
42 43 1
42 45 3
42 46 3
42 48 10
43 44 2
43 47 1
43 49 1
44 45 3
44 46 3
44 47 2
44 49 2
45 46 1
45 47 2
45 48 9
45 49 2
46 47 3
46 48 1
46 49 2
47 48 3
47 49 1
48 49 3
49 50 3
