50 123
8
9
2
2
9
10
2
4
3
8
7
3
2
10
1
9
3
8
10
9
9
8
8
10
10
9
3
8
10
10
10
3
5
2
4
9
3
10
9
9
10
10
3
4
3
3
1
9
8
2
1 2 8
1 10 8
1 14 8
1 34 5
1 43 9
2 3 5
2 12 6
3 4 6
3 14 3
3 30 8
3 35 7
3 42 7
3 43 1
4 5 10
4 7 6
4 9 6
4 32 5
4 46 7
5 6 5
5 38 8
6 7 3
6 11 10
6 17 5
6 30 8
7 8 5
7 25 9
7 27 6
7 35 3
7 38 3
8 9 2
8 22 7
8 40 10
9 10 6
9 11 3
9 17 1
9 18 7
9 42 2
9 47 6
9 49 9
10 11 3
10 17 1
10 32 3
10 37 5
11 12 3
12 13 7
12 21 10
12 23 6
12 28 7
12 45 5
13 14 10
13 43 1
14 15 5
14 36 10
15 16 8
15 27 3
16 17 1
16 48 8
17 18 1
17 37 2
17 46 3
17 47 3
17 49 10
18 19 9
18 49 8
19 20 10
19 21 2
19 24 8
19 46 1
20 21 9
21 22 3
21 42 10
22 23 3
22 28 2
22 40 9
22 50 5
23 24 9
23 28 8
24 25 8
24 34 10
24 46 9
25 26 9
25 34 3
26 27 10
26 36 9
26 41 9
27 28 3
27 37 3
27 43 1
27 44 5
28 29 8
29 30 10
30 31 9
30 38 3
31 32 1
31 44 9
32 33 7
32 45 2
32 48 9
33 34 3
33 39 10
33 46 2
34 35 3
34 45 1
35 36 10
36 37 2
36 45 1
37 38 2
37 46 1
37 48 9
38 39 8
39 40 8
40 41 9
40 45 8
41 42 3
41 43 1
42 43 1
43 44 3
44 45 2
45 46 2
46 47 2
47 48 9
48 49 10
49 50 8
