70 725 96.25
10
8
2
3
6
8
1
8
9
9
4
9
7
5
9
8
6
5
8
2
10
2
7
8
2
8
8
10
8
8
9
2
1
7
6
9
4
4
9
5
8
2
1
7
7
3
4
10
10
3
5
9
5
3
8
10
6
2
9
10
2
10
8
4
5
2
8
9
10
9
1 2 6
1 21 9
1 24 7
1 37 8
1 42 7
1 44 7
1 46 5
1 62 5
1 66 10
1 68 10
2 3 6
2 6 7
2 10 5
2 14 5
2 18 6
2 21 2
2 22 5
2 26 7
2 29 5
2 30 7
2 36 6
2 37 1
2 39 6
2 41 8
2 45 7
2 52 5
2 53 5
2 57 5
2 58 5
2 61 7
2 64 5
3 4 5
3 6 9
3 7 7
3 8 5
3 14 5
3 15 6
3 17 7
3 28 5
3 31 5
3 33 7
3 35 7
3 38 6
3 44 1
3 49 5
3 53 2
3 54 5
3 56 6
3 58 1
3 61 1
3 64 3
3 65 5
4 5 5
4 6 1
4 7 3
4 8 1
4 9 9
4 10 2
4 13 5
4 17 3
4 19 5
4 20 5
4 25 6
4 28 2
4 34 5
4 39 1
4 45 2
4 52 1
4 54 1
4 56 3
4 57 1
4 60 6
4 69 5
4 70 7
5 6 1
5 8 3
5 15 1
5 17 2
5 28 2
5 33 2
5 34 3
5 38 2
5 41 10
5 44 3
5 45 2
5 46 3
5 47 7
5 49 3
5 62 3
5 64 3
5 67 6
5 70 2
6 7 3
6 10 3
6 11 6
6 12 8
6 13 3
6 20 1
6 26 2
6 29 3
6 34 3
6 39 2
6 48 7
6 54 3
6 62 1
7 8 2
7 11 3
7 12 3
7 17 2
7 22 2
7 24 2
7 28 1
7 29 2
7 31 1
7 39 1
7 53 3
7 57 3
7 59 6
7 60 3
7 62 2
7 64 1
7 67 3
7 69 10
8 9 10
8 11 1
8 13 3
8 14 3
8 17 1
8 21 1
8 24 3
8 26 2
8 32 6
8 35 2
8 44 3
8 46 1
8 47 3
8 49 1
8 51 5
8 54 3
8 58 1
8 60 3
8 61 2
8 62 3
8 65 3
9 10 10
9 13 9
9 15 9
9 19 10
9 21 9
9 24 9
9 25 9
9 28 9
9 36 2
9 38 8
9 39 8
9 50 6
9 54 8
9 58 10
9 63 6
9 70 2
10 11 2
10 12 2
10 14 3
10 16 5
10 18 1
10 23 7
10 28 1
10 32 1
10 33 1
10 34 3
10 37 3
10 43 6
10 45 2
10 46 1
10 47 1
10 48 2
10 52 3
10 58 3
11 12 3
11 13 1
11 17 2
11 21 10
11 26 3
11 29 3
11 31 3
11 35 1
11 37 1
11 40 6
11 43 3
11 44 1
11 52 1
11 56 2
11 61 1
11 64 3
11 65 3
11 66 1
11 69 1
12 13 2
12 21 3
12 23 3
12 26 1
12 28 3
12 29 3
12 41 10
12 45 1
12 57 2
12 58 2
12 59 1
12 61 1
12 65 2
13 14 3
13 15 1
13 21 3
13 23 3
13 24 3
13 26 1
13 35 2
13 37 3
13 40 1
13 47 3
13 49 2
13 52 3
13 54 1
13 58 3
13 59 2
14 15 2
14 16 3
14 17 1
14 22 3
14 24 1
14 26 3
14 30 3
14 32 3
14 33 3
14 35 3
14 37 2
14 40 1
14 41 8
14 45 1
14 46 1
14 49 3
14 53 1
14 54 1
14 64 2
14 65 2
15 16 2
15 18 3
15 19 3
15 20 1
15 28 2
15 44 1
15 46 2
15 47 2
15 49 3
15 51 3
15 56 1
15 59 3
15 63 3
15 65 3
16 17 3
16 19 3
16 23 3
16 27 7
16 30 3
16 31 1
16 32 1
16 38 1
16 42 1
16 48 3
16 50 1
16 53 1
16 54 1
16 57 2
16 62 1
16 64 1
16 65 1
16 68 9
17 18 3
17 19 1
17 23 1
17 25 2
17 32 3
17 33 2
17 34 2
17 37 1
17 39 1
17 44 3
17 49 1
17 51 3
17 55 5
17 61 1
17 64 2
17 66 2
17 69 8
18 19 1
18 20 2
18 22 2
18 23 1
18 27 9
18 28 2
18 29 3
18 37 2
18 40 3
18 46 1
18 47 3
18 53 1
18 54 1
18 61 2
18 62 2
19 20 2
19 23 2
19 24 3
19 28 1
19 31 3
19 32 2
19 37 3
19 40 2
19 45 1
19 55 2
19 56 3
19 63 1
19 66 1
20 21 9
20 22 1
20 24 2
20 25 1
20 27 3
20 31 1
20 33 1
20 37 3
20 39 1
20 40 1
20 42 3
20 50 2
20 54 3
20 58 2
20 62 1
20 65 3
20 66 2
20 69 2
21 22 3
21 27 9
21 32 8
21 35 1
21 40 1
21 44 10
21 51 3
21 53 10
21 57 8
21 60 3
22 23 1
22 25 1
22 29 1
22 30 3
22 31 2
22 33 2
22 34 1
22 35 3
22 36 2
22 43 1
22 44 2
22 49 1
22 50 3
22 56 2
22 57 1
22 60 3
22 63 3
22 68 9
23 24 2
23 25 2
23 29 2
23 32 1
23 34 1
23 35 2
23 41 9
23 43 1
23 47 2
23 54 3
23 55 2
23 56 1
23 59 3
23 67 1
24 25 3
24 28 1
24 43 2
24 44 1
24 48 3
24 51 2
24 52 1
24 53 2
24 56 2
24 62 1
24 67 1
25 26 2
25 28 2
25 33 1
25 38 1
25 43 2
25 48 2
25 52 1
25 53 2
25 54 3
25 59 1
25 60 3
25 61 2
25 64 1
25 65 3
25 69 3
26 27 3
26 28 2
26 30 2
26 31 1
26 35 2
26 38 2
26 39 1
26 40 3
26 41 9
26 44 2
26 45 2
26 46 1
26 48 1
26 50 1
26 52 1
26 57 2
26 61 3
26 67 3
26 68 1
26 70 1
27 28 3
27 29 1
27 42 1
27 45 2
27 59 2
27 64 3
28 29 3
28 31 2
28 35 3
28 37 2
28 42 3
28 46 2
28 49 1
28 50 1
28 53 2
28 54 1
28 59 2
28 60 1
28 62 1
28 64 1
28 67 3
28 69 1
29 30 1
29 39 3
29 42 1
29 43 1
29 44 1
29 46 2
29 51 2
29 57 1
29 58 1
29 66 2
29 69 9
30 31 1
30 32 1
30 43 3
30 44 3
30 46 1
30 49 1
30 50 1
30 54 2
30 55 8
30 58 1
30 60 2
30 68 10
31 32 1
31 36 3
31 37 3
31 39 1
31 42 3
31 43 1
31 46 1
31 47 3
31 48 1
31 51 3
31 54 2
31 56 1
31 57 2
31 60 3
31 62 2
31 63 2
31 66 1
31 68 8
32 33 1
32 35 2
32 40 1
32 45 2
32 46 1
32 48 1
32 52 2
32 53 3
32 59 3
32 61 2
32 64 3
32 66 1
33 34 3
33 36 9
33 37 2
33 40 3
33 43 3
33 48 1
33 49 3
33 52 3
33 53 1
33 58 2
33 60 1
33 61 2
34 35 3
34 40 3
34 44 3
34 48 3
34 54 3
34 55 1
34 57 3
34 64 3
34 65 2
34 66 3
34 69 9
35 36 2
35 40 2
35 42 1
35 46 1
35 49 2
35 51 1
35 52 3
35 53 3
35 54 3
35 62 3
35 64 1
35 65 1
35 68 8
35 69 1
36 37 3
36 40 2
36 47 2
36 56 10
36 65 8
36 66 2
36 67 10
37 38 2
37 42 3
37 43 1
37 44 2
37 47 3
37 49 2
37 52 2
37 53 1
37 54 2
37 55 1
37 58 2
37 60 3
37 61 1
37 62 1
37 70 2
38 39 3
38 40 1
38 44 1
38 49 1
38 53 2
38 59 2
38 62 1
38 65 3
39 40 2
39 43 2
39 44 3
39 46 1
39 47 1
39 48 1
39 49 2
39 51 2
39 53 2
39 54 1
39 58 3
39 60 1
39 64 3
39 65 1
40 41 10
40 42 3
40 44 3
40 52 2
40 54 2
40 70 1
41 42 8
41 43 10
41 46 9
41 49 9
41 50 9
41 59 9
41 61 10
41 62 9
41 63 8
41 68 8
42 43 1
42 45 3
42 48 2
42 49 2
42 52 1
42 54 3
42 55 1
42 58 1
42 63 3
43 44 3
43 45 3
43 47 1
43 49 2
43 50 2
43 53 1
43 56 1
43 66 1
44 45 2
44 47 2
44 48 2
44 56 2
44 59 3
44 62 3
44 64 1
44 65 3
44 66 3
44 70 1
45 46 1
45 52 2
45 55 1
45 57 3
45 64 3
45 69 8
45 70 1
46 47 2
46 59 1
46 70 1
47 48 1
47 54 1
47 58 2
47 59 1
47 65 2
47 70 9
48 49 2
48 50 3
48 51 1
48 52 3
48 56 1
48 58 2
48 60 1
48 66 2
48 68 9
49 50 1
49 53 2
49 56 3
49 57 3
49 58 3
49 59 3
49 61 2
49 62 2
49 64 3
49 66 3
49 69 2
50 51 1
50 52 1
50 55 1
50 57 1
50 59 3
50 65 1
50 67 2
51 52 1
51 59 2
51 61 2
51 63 1
51 64 2
51 66 2
51 67 2
51 68 9
52 53 2
52 56 2
52 57 2
52 68 9
53 54 3
53 62 2
53 64 2
53 67 3
54 55 3
54 56 1
54 58 1
54 70 2
55 56 2
55 59 1
55 62 2
56 57 1
56 59 2
56 60 2
56 64 2
57 58 3
57 66 2
58 59 1
58 66 1
58 67 2
58 69 2
59 60 2
59 67 3
59 68 3
60 61 3
60 63 2
60 68 8
61 62 3
61 65 1
62 63 1
63 64 3
63 65 2
64 65 3
64 68 8
64 69 2
65 66 3
65 67 2
66 67 1
66 69 1
67 68 10
68 69 8
68 70 8
69 70 3
