70 1691 
8
7
8
3
10
9
1
6
2
10
3
1
3
5
6
5
2
7
2
10
6
5
2
5
6
9
1
5
7
8
8
4
4
8
2
10
6
8
6
9
3
8
8
8
9
9
6
8
9
7
9
10
9
6
2
10
3
1
7
8
1
2
8
8
8
9
2
7
2
9
1 2 6
1 3 5
1 4 6
1 5 6
1 6 6
1 7 5
1 9 8
1 10 5
1 11 7
1 12 5
1 13 5
1 14 7
1 17 9
1 20 5
1 22 5
1 23 9
1 25 5
1 26 6
1 27 7
1 28 6
1 32 6
1 35 7
1 36 7
1 40 8
1 41 6
1 45 7
1 46 8
1 55 5
1 56 5
1 58 6
1 59 7
1 60 10
1 62 7
1 63 10
1 66 6
1 67 7
1 68 5
2 3 6
2 4 3
2 5 1
2 6 1
2 7 2
2 8 5
2 9 2
2 10 1
2 11 2
2 12 1
2 13 3
2 14 2
2 16 7
2 17 3
2 18 7
2 19 6
2 20 3
2 21 7
2 22 3
2 23 1
2 24 6
2 25 3
2 26 3
2 28 3
2 29 6
2 30 5
2 31 5
2 32 1
2 33 7
2 34 9
2 36 2
2 37 5
2 40 2
2 42 7
2 44 6
2 45 3
2 50 5
2 53 7
2 54 6
2 55 1
2 57 6
2 58 1
2 59 2
2 60 3
2 61 5
2 62 2
2 64 5
2 65 6
2 67 2
2 69 5
2 70 6
3 4 3
3 5 1
3 7 2
3 8 2
3 10 3
3 11 1
3 15 7
3 16 2
3 17 3
3 18 3
3 19 1
3 20 1
3 21 2
3 22 2
3 23 1
3 26 2
3 27 1
3 29 3
3 31 1
3 32 1
3 33 3
3 36 2
3 37 2
3 39 7
3 40 3
3 44 2
3 46 9
3 47 6
3 48 5
3 49 5
3 50 3
3 51 7
3 52 7
3 53 3
3 54 3
3 55 1
3 56 3
3 58 2
3 59 1
3 60 2
3 61 1
3 63 2
3 64 1
3 65 3
3 67 1
3 68 2
3 69 3
4 5 3
4 6 3
4 10 3
4 11 3
4 12 3
4 13 3
4 14 3
4 15 1
4 18 2
4 19 1
4 20 3
4 22 3
4 24 2
4 26 1
4 27 3
4 28 2
4 29 2
4 31 2
4 32 3
4 34 10
4 36 3
4 38 5
4 39 3
4 40 1
4 41 3
4 42 2
4 44 2
4 45 1
4 49 1
4 50 2
4 51 2
4 52 2
4 54 1
4 55 1
4 56 1
4 57 1
4 58 3
4 59 3
4 61 2
4 62 2
4 64 2
4 66 1
4 67 3
4 69 2
5 6 2
5 7 2
5 8 1
5 9 3
5 11 3
5 13 3
5 14 1
5 15 2
5 17 3
5 19 1
5 20 1
5 21 2
5 23 2
5 25 3
5 26 3
5 27 2
5 28 1
5 29 3
5 30 2
5 32 1
5 34 10
5 35 2
5 37 2
5 38 1
5 39 3
5 41 1
5 42 2
5 44 3
5 45 2
5 47 3
5 48 2
5 50 2
5 51 1
5 52 1
5 53 2
5 54 3
5 55 2
5 56 2
5 57 3
5 58 3
5 59 2
5 60 1
5 61 1
5 63 1
5 65 2
5 67 3
5 68 3
5 69 1
6 7 2
6 8 1
6 9 3
6 10 1
6 11 3
6 12 3
6 13 3
6 14 2
6 16 2
6 18 3
6 19 3
6 21 2
6 22 3
6 23 3
6 24 1
6 25 1
6 26 1
6 28 3
6 29 2
6 30 2
6 31 1
6 32 2
6 35 1
6 36 1
6 37 2
6 38 2
6 39 2
6 40 1
6 41 3
6 43 5
6 44 3
6 46 8
6 47 1
6 49 2
6 51 3
6 54 3
6 55 2
6 56 1
6 57 3
6 58 3
6 59 3
6 61 1
6 62 2
6 64 1
6 65 1
6 66 1
6 67 2
6 68 3
6 69 3
7 8 2
7 10 2
7 13 3
7 14 1
7 15 2
7 16 1
7 17 3
7 18 3
7 19 2
7 22 2
7 23 1
7 24 1
7 25 3
7 27 2
7 28 1
7 29 2
7 30 3
7 31 2
7 32 2
7 34 2
7 36 1
7 37 1
7 38 2
7 39 3
7 40 3
7 41 1
7 42 1
7 43 3
7 45 3
7 46 8
7 47 1
7 50 2
7 51 2
7 52 1
7 53 1
7 54 3
7 55 3
7 56 1
7 57 1
7 58 3
7 59 3
7 60 3
7 61 1
7 62 2
7 63 1
7 64 1
7 65 2
7 66 2
7 67 2
7 68 2
7 69 2
8 9 1
8 10 3
8 12 1
8 13 2
8 14 1
8 15 3
8 16 2
8 17 1
8 19 2
8 20 3
8 21 3
8 25 2
8 26 3
8 27 2
8 28 2
8 29 3
8 30 3
8 31 1
8 32 3
8 34 9
8 35 1
8 36 2
8 37 3
8 38 2
8 40 3
8 41 2
8 43 1
8 44 1
8 45 2
8 49 3
8 50 3
8 52 2
8 56 1
8 57 2
8 58 1
8 61 2
8 62 1
8 63 3
8 64 2
8 65 1
8 66 3
8 67 3
8 68 1
8 69 1
8 70 3
9 10 2
9 12 2
9 13 3
9 14 3
9 15 3
9 16 2
9 17 1
9 18 1
9 19 1
9 21 1
9 22 1
9 23 2
9 24 3
9 25 3
9 26 2
9 27 2
9 28 2
9 29 2
9 30 1
9 33 3
9 35 2
9 36 2
9 37 2
9 39 2
9 40 3
9 42 2
9 43 2
9 45 3
9 47 2
9 51 3
9 53 1
9 54 3
9 56 2
9 57 1
9 58 1
9 60 2
9 61 3
9 62 2
9 64 2
9 66 1
9 68 2
9 69 1
10 11 1
10 12 2
10 13 1
10 15 3
10 16 2
10 17 2
10 18 1
10 19 1
10 22 3
10 23 1
10 24 1
10 25 3
10 26 3
10 29 1
10 30 3
10 31 2
10 32 3
10 33 1
10 34 2
10 35 3
10 36 2
10 38 2
10 39 1
10 40 3
10 43 3
10 45 2
10 46 10
10 48 3
10 53 2
10 54 3
10 56 2
10 57 2
10 59 1
10 60 3
10 62 3
10 63 2
10 65 2
10 66 1
10 68 2
10 70 1
11 12 2
11 13 1
11 14 1
11 15 2
11 18 2
11 19 3
11 20 2
11 21 2
11 22 1
11 23 3
11 24 2
11 25 2
11 26 2
11 27 3
11 29 3
11 31 3
11 32 1
11 33 1
11 35 2
11 36 2
11 37 1
11 41 2
11 42 1
11 43 1
11 44 2
11 45 1
11 46 10
11 47 1
11 49 1
11 50 2
11 51 2
11 52 3
11 53 3
11 54 2
11 57 3
11 58 2
11 61 3
11 62 2
11 64 2
11 66 1
11 67 3
11 69 2
11 70 3
12 13 2
12 16 1
12 17 3
12 18 2
12 19 2
12 20 1
12 22 2
12 26 3
12 27 2
12 28 3
12 29 1
12 30 2
12 31 2
12 32 2
12 33 1
12 34 3
12 35 2
12 36 3
12 37 3
12 38 3
12 39 1
12 40 3
12 41 2
12 42 2
12 43 2
12 44 3
12 45 3
12 46 8
12 48 1
12 49 1
12 51 1
12 52 1
12 53 3
12 55 1
12 56 1
12 57 3
12 59 1
12 60 2
12 62 3
12 63 2
12 64 2
12 67 1
12 68 3
12 69 3
12 70 1
13 14 2
13 15 1
13 17 1
13 18 1
13 20 2
13 21 2
13 22 1
13 23 2
13 24 1
13 25 2
13 26 1
13 27 2
13 28 3
13 29 2
13 31 1
13 32 3
13 33 3
13 34 10
13 35 2
13 36 3
13 37 2
13 38 2
13 39 1
13 41 1
13 42 3
13 43 1
13 45 2
13 47 3
13 48 2
13 49 2
13 50 3
13 51 2
13 52 1
13 54 3
13 55 2
13 56 2
13 57 1
13 58 3
13 64 1
13 67 3
13 68 2
13 69 2
14 15 3
14 16 2
14 18 3
14 19 3
14 20 1
14 21 2
14 23 2
14 24 2
14 27 3
14 28 3
14 29 3
14 30 1
14 31 1
14 32 2
14 35 3
14 36 1
14 37 3
14 38 1
14 39 2
14 40 3
14 41 2
14 42 3
14 44 1
14 45 1
14 46 8
14 48 3
14 50 1
14 51 1
14 52 3
14 54 2
14 55 3
14 56 1
14 57 2
14 58 2
14 59 3
14 60 1
14 61 3
14 65 2
14 66 3
14 68 1
14 69 2
14 70 1
15 16 3
15 17 3
15 20 1
15 21 2
15 23 3
15 24 2
15 25 1
15 26 2
15 27 3
15 28 3
15 32 2
15 33 3
15 34 2
15 35 1
15 36 2
15 37 1
15 39 3
15 41 3
15 42 1
15 43 1
15 46 9
15 48 3
15 49 2
15 50 1
15 52 2
15 53 2
15 55 3
15 56 3
15 57 1
15 61 2
15 62 2
15 63 1
15 65 3
15 66 1
15 68 2
15 69 3
15 70 3
16 17 2
16 18 1
16 19 2
16 20 3
16 21 3
16 22 2
16 24 2
16 25 2
16 26 3
16 27 2
16 28 3
16 30 2
16 31 1
16 32 1
16 34 2
16 35 1
16 37 3
16 38 3
16 39 1
16 40 3
16 41 2
16 43 3
16 45 2
16 46 8
16 47 3
16 48 2
16 49 1
16 50 1
16 51 3
16 52 1
16 54 2
16 57 2
16 59 1
16 60 2
16 61 1
16 62 1
16 64 1
16 65 3
16 66 3
16 67 1
17 18 1
17 19 1
17 20 1
17 21 1
17 22 1
17 25 1
17 27 3
17 28 3
17 30 1
17 31 1
17 32 1
17 36 1
17 39 2
17 40 2
17 41 1
17 42 1
17 43 1
17 44 1
17 45 1
17 47 3
17 50 1
17 51 3
17 52 1
17 54 2
17 55 1
17 56 3
17 57 1
17 58 2
17 60 1
17 63 1
17 64 3
17 65 1
17 67 2
17 68 3
18 19 2
18 20 3
18 21 3
18 22 1
18 23 2
18 24 2
18 25 2
18 27 2
18 28 1
18 29 1
18 30 1
18 31 1
18 32 3
18 33 3
18 35 1
18 39 3
18 41 3
18 42 3
18 43 2
18 45 3
18 46 9
18 47 3
18 48 2
18 49 2
18 50 3
18 51 2
18 52 2
18 55 1
18 59 3
18 61 3
18 63 1
18 64 2
18 67 2
18 68 3
19 20 3
19 22 3
19 23 1
19 25 3
19 28 3
19 29 3
19 30 3
19 31 2
19 35 3
19 36 1
19 37 2
19 38 2
19 39 1
19 40 2
19 41 2
19 42 3
19 44 2
19 45 2
19 46 10
19 47 1
19 48 1
19 49 1
19 51 1
19 52 3
19 54 3
19 55 1
19 59 1
19 61 3
19 63 2
19 64 2
19 66 2
19 69 1
19 70 1
20 21 1
20 23 3
20 24 3
20 25 2
20 26 1
20 27 3
20 28 1
20 29 3
20 30 2
20 31 1
20 32 1
20 33 3
20 34 8
20 35 2
20 36 3
20 37 2
20 38 1
20 39 1
20 40 3
20 41 2
20 42 3
20 43 2
20 44 3
20 45 3
20 47 1
20 48 2
20 49 2
20 50 1
20 52 1
20 53 3
20 54 2
20 55 3
20 56 1
20 59 3
20 60 1
20 61 2
20 66 1
20 67 3
20 69 2
20 70 1
21 22 3
21 23 2
21 25 1
21 26 3
21 27 2
21 28 1
21 29 2
21 31 1
21 32 2
21 33 1
21 34 1
21 35 1
21 38 2
21 39 1
21 40 2
21 41 1
21 42 3
21 44 3
21 46 9
21 47 1
21 48 1
21 49 2
21 50 3
21 53 2
21 54 1
21 55 3
21 56 3
21 57 3
21 59 1
21 60 2
21 61 2
21 62 3
21 64 1
21 65 1
21 67 3
21 69 3
22 23 1
22 24 1
22 26 3
22 27 2
22 29 2
22 30 2
22 33 3
22 34 1
22 35 1
22 36 2
22 37 3
22 38 2
22 39 3
22 41 3
22 42 2
22 43 2
22 44 2
22 45 2
22 46 9
22 47 1
22 48 1
22 49 3
22 50 3
22 51 2
22 52 3
22 53 3
22 54 1
22 55 3
22 57 2
22 58 1
22 60 3
22 61 1
22 62 1
22 65 1
22 66 2
22 68 2
23 24 1
23 28 1
23 29 2
23 30 1
23 32 1
23 35 2
23 38 2
23 39 1
23 40 2
23 43 3
23 44 3
23 48 1
23 49 3
23 52 3
23 53 2
23 55 2
23 56 3
23 57 3
23 58 1
23 59 2
23 60 3
23 61 1
23 62 1
23 63 3
23 64 3
23 65 3
23 66 1
23 67 1
23 68 3
23 69 1
24 25 1
24 26 1
24 27 2
24 28 1
24 29 1
24 30 1
24 32 3
24 33 2
24 34 8
24 35 2
24 36 1
24 37 2
24 38 2
24 39 1
24 40 1
24 41 2
24 42 2
24 43 3
24 44 3
24 47 1
24 49 2
24 51 1
24 52 3
24 53 3
24 55 2
24 57 1
24 58 3
24 62 2
24 63 3
24 66 3
24 69 3
25 26 3
25 27 2
25 29 3
25 31 1
25 32 2
25 35 2
25 36 1
25 37 2
25 38 1
25 39 1
25 40 1
25 41 1
25 42 3
25 43 2
25 44 2
25 45 3
25 46 10
25 47 2
25 49 1
25 51 1
25 52 2
25 53 3
25 54 1
25 55 3
25 56 2
25 57 2
25 58 2
25 59 2
25 60 1
25 61 3
25 62 2
25 63 2
25 64 1
25 66 2
25 67 2
25 69 1
25 70 1
26 27 3
26 28 2
26 30 3
26 31 1
26 32 2
26 33 1
26 34 1
26 35 3
26 37 1
26 39 3
26 40 1
26 41 2
26 42 2
26 43 3
26 46 10
26 48 2
26 49 3
26 50 1
26 51 3
26 52 3
26 54 2
26 55 1
26 56 3
26 57 3
26 58 1
26 61 3
26 62 2
26 63 3
26 64 2
26 65 1
26 68 1
26 69 2
26 70 2
27 28 1
27 29 3
27 31 3
27 33 2
27 34 3
27 35 1
27 36 3
27 38 3
27 40 2
27 42 3
27 43 1
27 44 3
27 45 3
27 46 10
27 47 2
27 50 2
27 51 1
27 52 2
27 55 3
27 56 1
27 57 1
27 58 2
27 60 1
27 63 3
27 64 1
27 66 1
27 67 3
27 69 3
28 29 1
28 30 3
28 31 2
28 33 3
28 34 10
28 35 2
28 36 1
28 37 1
28 40 1
28 41 1
28 42 2
28 45 2
28 47 2
28 49 2
28 50 3
28 51 2
28 52 3
28 53 1
28 55 3
28 56 2
28 57 3
28 58 2
28 62 1
28 63 1
28 64 2
28 68 2
28 69 3
28 70 1
29 30 3
29 31 2
29 32 1
29 33 3
29 37 2
29 38 3
29 40 1
29 41 2
29 43 2
29 45 3
29 46 9
29 47 1
29 49 2
29 53 1
29 54 1
29 55 1
29 56 3
29 58 3
29 59 1
29 60 3
29 61 1
29 66 1
29 67 3
29 69 1
30 31 1
30 32 1
30 34 1
30 37 2
30 39 2
30 40 1
30 44 1
30 45 2
30 46 10
30 48 3
30 50 2
30 51 3
30 52 3
30 54 2
30 55 2
30 56 1
30 57 2
30 60 3
30 62 1
30 64 3
30 65 1
30 66 1
30 67 1
30 68 1
30 69 3
30 70 2
31 32 2
31 33 1
31 34 1
31 36 3
31 38 2
31 40 3
31 41 1
31 42 1
31 43 2
31 46 9
31 47 2
31 49 2
31 50 2
31 51 1
31 52 2
31 53 3
31 54 3
31 55 2
31 56 2
31 59 2
31 61 2
31 63 2
31 65 2
31 66 1
31 68 1
31 69 3
31 70 3
32 33 1
32 34 1
32 36 3
32 37 2
32 38 1
32 39 3
32 40 2
32 41 3
32 44 2
32 45 2
32 46 9
32 47 2
32 52 1
32 55 3
32 56 2
32 57 2
32 58 1
32 59 1
32 62 2
32 64 1
32 65 3
32 67 1
32 69 1
32 70 2
33 34 9
33 37 3
33 39 2
33 40 1
33 41 3
33 42 3
33 44 3
33 45 2
33 47 3
33 48 2
33 49 2
33 50 3
33 51 1
33 52 2
33 53 2
33 55 3
33 56 1
33 57 3
33 58 2
33 59 3
33 60 3
33 61 3
33 62 1
33 63 1
33 66 1
33 67 3
33 68 3
34 35 1
34 36 3
34 37 8
34 39 1
34 41 9
34 42 3
34 43 8
34 44 1
34 45 2
34 46 9
34 47 2
34 49 1
34 50 8
34 52 1
34 53 1
34 54 1
34 56 3
34 58 1
34 59 2
34 64 3
34 68 2
34 70 10
35 36 1
35 37 1
35 38 1
35 39 1
35 41 3
35 42 1
35 43 2
35 44 2
35 45 3
35 46 8
35 49 1
35 50 1
35 51 1
35 52 1
35 53 1
35 54 1
35 55 3
35 56 3
35 58 3
35 59 3
35 60 3
35 61 3
35 63 3
35 64 2
35 65 1
35 66 1
35 67 3
35 68 3
35 69 3
36 37 2
36 38 1
36 39 2
36 41 3
36 42 2
36 43 1
36 44 1
36 45 2
36 46 8
36 47 1
36 49 1
36 50 3
36 52 1
36 55 3
36 56 2
36 57 1
36 58 2
36 60 3
36 62 3
36 63 1
36 64 2
36 65 3
36 66 1
36 67 2
36 68 2
36 69 3
36 70 3
37 38 3
37 41 2
37 43 3
37 47 2
37 48 1
37 50 1
37 51 3
37 52 1
37 55 2
37 56 1
37 57 1
37 59 2
37 62 3
37 63 1
37 64 1
37 66 3
37 67 2
37 68 2
37 69 3
38 39 3
38 42 1
38 43 1
38 45 3
38 47 1
38 48 1
38 49 3
38 50 1
38 51 1
38 52 2
38 53 3
38 54 1
38 55 1
38 56 1
38 59 1
38 61 3
38 62 1
38 63 1
38 65 3
38 66 3
38 67 2
38 69 3
38 70 10
39 40 2
39 43 1
39 45 2
39 46 10
39 48 1
39 50 3
39 53 3
39 55 2
39 57 3
39 59 1
39 61 3
39 64 2
39 65 3
39 66 2
39 67 3
39 68 2
39 69 3
39 70 1
40 41 3
40 42 3
40 43 3
40 44 2
40 45 3
40 47 3
40 51 1
40 52 3
40 54 1
40 55 2
40 56 1
40 57 2
40 58 3
40 60 2
40 63 2
40 65 2
40 66 1
41 42 3
41 43 1
41 45 3
41 47 1
41 48 2
41 49 1
41 50 2
41 51 3
41 55 1
41 56 1
41 57 3
41 58 1
41 59 3
41 60 2
41 63 3
41 64 3
41 67 2
41 68 1
41 69 3
41 70 3
42 43 3
42 45 2
42 46 8
42 47 1
42 48 2
42 50 3
42 53 1
42 54 2
42 55 1
42 56 3
42 57 1
42 58 3
42 61 2
42 63 3
42 64 2
42 65 1
42 66 1
42 67 1
42 69 3
43 44 3
43 47 1
43 48 3
43 49 2
43 51 2
43 52 1
43 54 2
43 55 2
43 56 1
43 58 3
43 60 3
43 61 3
43 63 2
43 64 2
43 66 1
43 67 1
43 68 2
43 69 2
43 70 2
44 45 3
44 46 10
44 47 3
44 49 3
44 50 3
44 51 2
44 53 3
44 54 3
44 55 1
44 56 2
44 57 3
44 59 1
44 60 1
44 62 3
44 64 2
44 65 3
44 66 3
44 67 3
44 68 1
44 69 2
45 46 10
45 47 2
45 50 2
45 51 3
45 53 3
45 54 3
45 55 2
45 57 2
45 59 1
45 61 1
45 62 1
45 63 1
45 66 1
45 67 1
45 69 2
46 47 9
46 49 10
46 52 10
46 53 9
46 54 8
46 55 10
46 56 9
46 58 9
46 59 10
46 61 9
46 62 10
46 64 9
46 65 8
46 66 9
46 67 8
46 68 8
46 69 8
47 48 2
47 49 2
47 50 2
47 51 2
47 52 2
47 53 3
47 54 3
47 55 2
47 56 1
47 58 2
47 59 3
47 61 2
47 62 2
47 64 3
47 65 1
47 66 3
47 67 1
47 69 1
47 70 3
48 49 3
48 50 2
48 52 1
48 53 1
48 57 3
48 58 1
48 59 2
48 60 3
48 61 1
48 62 1
48 63 3
48 64 1
48 65 9
48 67 2
48 68 1
48 69 2
49 50 1
49 53 2
49 54 3
49 56 1
49 57 2
49 58 1
49 59 2
49 60 1
49 61 3
49 62 2
49 63 1
49 64 3
49 65 3
49 68 3
49 69 1
49 70 3
50 51 3
50 53 1
50 54 1
50 55 1
50 56 2
50 58 3
50 59 3
50 60 2
50 61 1
50 62 2
50 66 3
50 67 1
50 69 1
51 52 2
51 53 1
51 54 1
51 55 3
51 57 2
51 58 2
51 59 3
51 60 3
51 61 3
51 63 10
51 64 3
51 66 3
51 67 1
51 69 1
52 53 1
52 54 1
52 56 1
52 57 2
52 58 1
52 59 2
52 60 2
52 62 1
52 63 3
52 66 3
52 69 3
53 54 2
53 55 3
53 56 2
53 57 3
53 58 1
53 60 3
53 61 2
53 64 2
53 65 1
53 66 3
53 67 1
53 68 1
53 69 1
54 55 3
54 56 2
54 59 3
54 60 1
54 61 2
54 64 1
54 65 2
54 66 1
54 67 1
54 68 2
54 69 2
55 56 1
55 57 3
55 58 1
55 60 3
55 61 1
55 62 2
55 63 1
55 64 3
55 67 1
55 68 1
56 57 2
56 60 3
56 61 2
56 62 2
56 64 1
56 67 1
56 68 3
56 69 2
57 58 3
57 59 3
57 60 3
57 61 1
57 62 1
57 63 1
57 64 3
57 65 8
57 66 1
57 69 1
58 59 3
58 60 1
58 61 1
58 63 2
58 64 3
58 65 2
58 66 2
58 67 2
58 68 3
58 69 3
59 60 2
59 61 2
59 63 2
59 65 1
59 66 1
59 68 1
59 69 1
60 61 1
60 62 1
60 63 2
60 64 1
60 65 3
60 66 3
60 67 1
60 69 2
60 70 3
61 62 2
61 63 1
61 64 1
61 67 2
61 68 2
62 63 3
62 64 1
62 65 1
62 69 2
63 64 2
63 66 3
63 67 1
63 68 2
64 65 1
64 67 3
64 68 1
64 69 1
64 70 2
65 66 1
65 67 3
65 68 1
65 69 1
66 67 1
66 68 3
66 70 3
67 68 3
68 69 3
69 70 3
