70 483
8
8
10
4
9
1
5
3
4
8
1
8
10
1
8
6
10
8
9
7
7
2
2
1
8
10
7
8
10
9
1
6
10
7
7
6
10
10
1
8
7
5
2
6
8
9
10
8
7
6
4
4
1
6
9
1
4
9
9
3
10
6
2
10
8
9
6
8
1
7
1 2 10
1 8 8
1 13 9
1 46 10
1 56 6
1 58 10
1 67 10
2 3 9
2 11 7
2 45 6
2 51 9
2 55 8
2 58 3
2 60 8
3 4 5
3 6 5
3 18 5
3 23 9
3 25 5
3 40 6
3 43 6
3 48 6
3 60 2
3 61 6
3 62 5
4 5 10
4 13 5
4 19 6
4 20 5
4 23 1
4 27 7
4 28 5
4 35 6
4 36 5
4 37 5
4 44 5
4 48 3
4 49 6
4 57 5
4 58 2
5 6 10
5 13 3
5 16 9
5 40 9
5 45 1
5 56 3
5 58 2
5 64 10
6 7 5
6 8 3
6 9 6
6 12 7
6 20 2
6 22 6
6 42 7
6 45 3
6 52 5
6 54 5
6 59 6
6 65 5
7 8 1
7 12 3
7 13 8
7 18 1
7 24 5
7 25 1
7 30 6
7 39 6
7 43 2
7 49 1
8 9 1
8 12 1
8 20 3
8 28 2
8 39 2
8 47 7
8 49 2
8 51 3
8 56 3
8 64 3
8 65 3
8 70 5
9 10 10
9 12 2
9 20 3
9 22 2
9 24 1
9 35 1
9 59 1
9 66 7
10 11 3
10 12 1
10 31 5
10 35 1
10 38 9
10 47 9
10 64 9
10 67 3
10 68 8
11 12 3
11 15 7
11 22 1
11 34 6
11 43 2
11 45 3
11 47 3
11 55 9
11 57 2
11 58 1
11 60 1
11 67 1
11 68 2
11 70 2
12 13 3
12 14 7
12 19 1
12 27 1
12 34 1
12 36 2
12 41 5
12 47 1
12 58 1
12 63 7
12 64 10
13 14 3
13 18 2
13 29 6
13 52 3
13 58 2
13 61 3
13 62 1
13 66 10
14 15 2
14 16 2
14 17 5
14 19 2
14 20 2
14 25 1
14 30 1
14 31 3
14 39 1
14 44 2
14 50 5
14 53 5
14 60 1
14 64 9
15 16 3
15 28 1
15 32 7
15 33 10
15 50 3
15 56 3
15 65 1
16 17 1
16 22 1
16 27 1
16 32 2
16 37 3
16 39 1
16 40 3
16 43 3
16 57 1
16 59 1
16 66 2
17 18 3
17 19 8
17 35 2
17 41 1
17 44 2
17 53 3
17 57 3
17 58 3
17 62 2
17 65 2
17 67 1
18 19 2
18 24 1
18 28 1
18 35 2
18 50 3
18 61 9
18 62 2
18 67 2
18 69 6
19 20 3
19 31 1
19 33 9
19 39 1
19 40 3
19 58 1
19 67 3
19 70 8
20 21 7
20 23 1
20 24 1
20 27 2
20 38 9
20 46 3
20 47 3
20 49 2
20 50 2
20 51 1
20 63 3
20 68 2
21 22 3
21 25 2
21 37 9
21 41 2
21 42 3
21 44 2
21 45 3
21 46 1
21 49 3
21 56 3
21 66 3
22 23 2
22 24 2
22 25 1
22 34 2
22 42 3
22 43 3
22 46 9
22 58 3
22 63 1
23 24 2
23 25 2
23 28 1
23 30 1
23 39 2
23 40 3
23 41 2
23 42 2
23 47 2
23 51 3
23 54 2
23 60 1
24 25 2
24 26 8
24 34 2
24 41 3
24 44 2
24 48 2
24 49 3
24 53 1
24 57 1
24 59 3
24 65 3
24 67 3
25 26 1
25 29 3
25 30 2
25 33 10
25 40 2
25 42 1
25 47 1
25 51 3
25 60 3
25 61 3
26 27 1
26 30 2
26 34 1
26 42 9
26 43 2
26 48 10
26 49 2
26 50 2
26 61 9
27 28 3
27 38 1
27 54 1
27 55 9
27 65 1
27 67 2
27 68 2
28 29 8
28 42 1
28 43 2
28 44 3
28 50 3
28 54 2
28 57 2
28 59 2
28 69 3
29 30 8
29 34 2
29 55 9
29 64 10
29 67 3
29 69 9
30 31 1
30 35 3
30 42 3
30 50 2
30 51 3
30 52 1
30 56 2
30 60 1
30 62 1
30 63 2
31 32 1
31 33 3
31 41 1
31 47 1
31 49 1
31 51 3
31 53 2
31 55 9
31 64 1
32 33 8
32 34 3
32 42 1
32 57 2
32 65 3
32 67 2
33 34 9
33 35 10
33 43 9
33 44 9
33 59 10
33 61 8
34 35 3
34 36 2
34 39 1
34 56 2
34 58 1
34 62 3
34 67 1
35 36 1
35 37 2
35 42 3
35 44 3
35 46 2
35 66 3
35 69 3
36 37 2
36 43 2
36 45 2
36 48 1
36 50 2
36 51 1
36 57 1
36 61 3
36 64 8
36 65 2
37 38 8
37 47 3
37 48 10
37 51 2
37 59 1
37 65 1
38 39 10
38 45 2
38 49 8
38 53 8
38 54 2
38 58 3
38 59 2
39 40 3
39 41 3
39 44 2
39 45 2
39 51 1
39 57 2
39 62 3
39 66 3
39 67 3
40 41 2
40 49 1
40 52 3
40 53 2
40 54 3
41 42 1
41 43 2
41 49 1
41 63 3
41 65 2
41 68 10
42 43 2
42 45 2
42 50 3
42 60 1
42 66 3
42 69 1
43 44 2
43 51 1
43 54 1
43 56 3
43 58 1
43 62 2
43 65 1
43 69 2
43 70 3
44 45 3
44 46 3
44 47 3
44 49 1
44 51 3
44 53 1
44 56 1
45 46 3
45 48 1
45 55 9
45 59 3
45 63 2
45 65 1
45 66 3
46 47 2
46 63 2
46 65 2
47 48 1
47 50 3
47 56 2
47 63 3
47 65 2
47 66 2
47 68 1
48 49 3
48 51 2
48 59 3
49 50 1
49 51 1
49 53 2
49 57 3
49 66 3
50 51 3
50 52 1
50 53 2
50 54 2
50 57 1
50 59 2
50 61 10
50 70 1
51 52 2
51 53 1
51 57 3
51 58 2
51 69 3
52 53 1
52 54 3
52 55 10
52 56 2
52 69 2
53 54 2
53 56 1
53 57 2
54 55 9
54 63 2
54 69 2
55 56 9
55 63 9
56 57 1
57 58 2
57 61 9
57 65 3
57 66 1
58 59 3
58 62 1
59 60 3
59 70 2
60 61 2
60 62 1
60 67 2
60 68 1
60 69 2
60 70 1
61 62 8
62 63 3
62 65 2
62 67 3
62 68 1
62 70 1
63 64 1
63 66 3
63 67 3
63 68 2
64 65 10
65 66 2
66 67 3
66 69 1
67 68 3
67 69 2
68 69 2
69 70 3
