70 242 96.25
10
10
8
9
4
10
8
6
4
5
4
8
5
1
8
8
8
4
6
10
9
10
9
6
6
5
8
8
9
10
2
7
8
8
10
2
10
2
6
3
6
8
9
2
6
6
9
10
2
6
9
2
3
7
1
10
9
4
8
8
8
7
3
8
8
6
4
4
6
10
1 2 10
1 42 9
2 3 10
2 7 9
2 28 9
2 55 8
2 63 8
3 4 8
3 19 10
3 30 9
3 37 8
4 5 9
4 53 8
5 6 7
5 29 6
5 45 5
5 53 3
5 58 6
5 69 7
6 7 9
6 12 9
6 22 10
6 49 9
6 68 9
7 8 10
7 26 8
7 31 9
7 65 8
8 9 6
8 25 5
8 52 5
9 10 6
9 25 3
9 31 1
9 51 9
9 55 3
10 11 7
10 19 2
10 23 5
10 25 3
10 27 5
10 57 6
10 69 1
10 70 10
11 12 3
11 58 3
11 61 9
11 63 2
12 13 5
12 21 7
12 33 6
12 41 6
12 45 2
12 52 1
12 62 5
13 14 5
13 15 5
13 22 3
13 23 8
13 24 5
13 43 5
13 48 5
13 54 6
14 15 3
14 18 6
14 33 1
14 37 9
14 40 5
14 44 7
14 50 5
15 16 10
15 53 1
16 17 8
16 40 2
16 53 3
16 54 2
16 56 7
16 69 3
17 18 9
17 54 9
17 61 9
17 69 9
18 19 1
18 22 3
18 39 6
18 67 5
19 20 7
19 24 3
19 30 2
19 31 1
19 33 2
19 50 1
19 57 3
19 58 1
19 67 3
20 21 9
20 24 1
20 43 2
20 46 6
20 63 2
20 68 3
20 69 3
21 22 3
21 26 3
21 58 3
21 70 8
22 23 2
22 24 2
22 39 2
22 40 1
23 24 8
23 60 10
24 25 1
24 41 2
24 43 2
24 49 1
24 68 2
25 26 1
25 33 2
25 35 10
26 27 1
26 42 1
26 44 1
26 47 5
26 49 2
26 52 1
26 57 1
26 67 3
26 68 1
26 69 2
27 28 9
27 41 2
27 45 3
27 56 2
27 63 2
28 29 8
28 32 9
28 34 8
28 65 2
29 30 1
29 31 3
29 37 2
29 45 10
29 46 9
30 31 1
30 51 8
31 32 2
31 35 1
31 44 3
31 48 2
31 49 2
31 55 1
31 62 2
31 63 1
31 67 3
32 33 2
32 44 3
32 68 2
33 34 9
33 53 2
34 35 9
34 40 8
34 41 8
34 60 10
35 36 9
35 57 10
35 69 2
36 37 1
36 40 1
36 49 1
37 38 6
37 44 10
37 70 8
38 39 3
38 40 3
38 59 9
39 40 1
39 52 1
39 61 10
40 41 1
40 50 1
40 54 2
40 59 1
40 63 2
40 68 3
41 42 3
41 55 1
41 60 3
42 43 9
42 54 2
43 44 2
43 50 1
43 58 1
43 66 7
44 45 1
44 49 1
44 56 3
45 46 1
45 53 1
45 56 2
45 67 3
46 47 3
47 48 8
47 56 9
47 59 10
47 67 9
47 70 3
48 49 1
48 68 1
49 50 3
49 58 2
49 63 3
50 51 3
50 58 2
50 65 9
51 52 9
51 68 1
52 53 3
52 58 2
53 54 1
54 55 1
54 68 3
55 56 3
55 61 3
56 57 1
57 58 2
58 59 9
58 64 7
59 60 10
59 66 3
60 61 9
61 62 3
62 63 2
62 65 9
63 64 3
64 65 10
64 68 2
65 66 9
66 67 3
67 68 1
68 69 3
69 70 3
