70 1208 96.25
8
1
1
6
8
10
8
2
8
5
1
9
1
10
3
8
4
1
4
7
3
10
7
8
9
6
10
1
1
9
9
10
3
3
4
10
6
9
3
6
9
7
9
1
6
8
8
1
6
5
4
9
4
10
5
9
8
10
5
9
5
7
6
1
4
3
10
4
4
10
1 2 6
1 8 5
1 12 9
1 13 7
1 15 6
1 16 6
1 17 5
1 18 6
1 20 9
1 21 7
1 29 6
1 32 5
1 34 5
1 37 6
1 38 5
1 39 7
1 42 6
1 43 7
1 51 7
1 56 6
1 62 7
1 63 6
2 3 5
2 4 5
2 5 7
2 6 5
2 9 7
2 10 6
2 15 3
2 24 7
2 28 7
2 29 1
2 30 5
2 31 5
2 32 2
2 34 2
2 35 5
2 38 2
2 39 1
2 41 6
2 44 5
2 45 7
2 47 10
2 50 6
2 51 3
2 53 5
2 54 6
2 55 7
2 56 3
2 59 7
2 63 3
2 64 5
2 66 6
2 69 6
3 4 5
3 6 1
3 9 2
3 10 3
3 11 7
3 12 1
3 15 2
3 17 2
3 21 3
3 25 7
3 27 6
3 30 2
3 31 3
3 32 1
3 33 5
3 34 2
3 35 3
3 36 5
3 38 1
3 41 3
3 42 3
3 45 3
3 46 5
3 47 10
3 48 7
3 49 7
3 51 1
3 53 1
3 58 5
3 59 2
3 61 6
3 62 1
3 63 3
3 64 2
3 65 6
3 66 1
3 67 6
4 5 3
4 7 5
4 8 1
4 9 2
4 10 2
4 11 3
4 12 1
4 16 2
4 17 2
4 18 3
4 20 3
4 21 3
4 24 1
4 25 3
4 27 1
4 28 1
4 35 3
4 37 3
4 41 1
4 47 2
4 48 1
4 51 1
4 52 7
4 54 3
4 55 2
4 57 6
4 58 2
4 60 9
4 62 1
4 64 1
4 69 1
4 70 5
5 6 1
5 8 8
5 11 2
5 15 3
5 16 2
5 21 3
5 22 6
5 24 1
5 26 7
5 28 10
5 30 2
5 33 2
5 34 1
5 35 2
5 36 3
5 44 3
5 45 1
5 47 8
5 48 2
5 49 8
5 55 2
5 61 2
5 62 9
5 64 1
5 67 3
5 69 1
6 7 3
6 9 2
6 11 3
6 12 3
6 13 3
6 14 7
6 15 3
6 17 3
6 18 3
6 19 6
6 20 2
6 24 3
6 27 2
6 28 2
6 30 2
6 32 3
6 38 3
6 42 1
6 44 1
6 45 3
6 49 1
6 53 3
6 54 3
6 56 2
6 66 2
6 67 1
6 68 7
6 70 10
7 8 1
7 11 3
7 12 1
7 13 3
7 14 3
7 15 1
7 21 3
7 22 1
7 27 3
7 31 1
7 33 2
7 35 2
7 36 3
7 38 2
7 40 5
7 42 10
7 43 3
7 47 1
7 53 3
7 55 2
7 58 1
7 60 10
7 61 1
7 62 1
7 63 2
7 64 3
7 67 3
7 68 2
8 9 3
8 11 3
8 12 3
8 14 3
8 15 2
8 16 2
8 17 2
8 20 2
8 24 2
8 26 3
8 28 3
8 29 3
8 32 3
8 33 1
8 34 1
8 40 1
8 41 2
8 43 2
8 44 3
8 45 1
8 50 1
8 51 1
8 52 3
8 53 3
8 54 2
8 55 2
8 56 2
8 57 3
8 58 1
8 62 2
8 63 1
8 65 2
8 66 3
9 10 1
9 13 2
9 14 2
9 17 3
9 20 3
9 21 1
9 22 1
9 23 5
9 24 3
9 28 1
9 30 3
9 31 2
9 32 1
9 35 1
9 36 2
9 39 2
9 40 2
9 41 2
9 42 3
9 43 2
9 45 2
9 46 1
9 48 3
9 49 1
9 56 3
9 58 3
9 60 9
9 61 3
9 63 2
9 67 3
9 68 3
10 11 3
10 12 1
10 14 3
10 17 1
10 18 3
10 20 2
10 21 2
10 23 1
10 24 3
10 29 1
10 32 1
10 36 1
10 37 3
10 42 3
10 44 3
10 49 1
10 51 1
10 52 2
10 53 2
10 55 1
10 57 2
10 58 1
10 59 1
10 60 9
10 61 2
10 63 2
10 69 1
10 70 2
11 12 3
11 13 1
11 16 1
11 17 2
11 18 3
11 21 3
11 26 2
11 28 1
11 30 2
11 34 3
11 35 2
11 38 2
11 40 1
11 42 1
11 43 2
11 44 3
11 46 1
11 50 3
11 51 3
11 52 2
11 53 3
11 54 1
11 55 3
11 56 3
11 59 2
11 60 10
11 61 3
11 62 1
11 63 3
11 66 2
11 68 3
11 69 3
12 13 3
12 18 3
12 23 3
12 27 2
12 28 2
12 30 2
12 33 1
12 36 2
12 41 3
12 43 1
12 44 1
12 45 1
12 51 1
12 56 3
12 57 1
12 58 2
12 59 3
12 60 9
12 64 3
12 65 1
12 68 2
12 69 3
13 14 2
13 15 1
13 16 2
13 20 3
13 23 1
13 26 3
13 28 2
13 29 2
13 30 3
13 31 8
13 32 2
13 36 2
13 37 3
13 39 2
13 40 3
13 43 3
13 44 2
13 48 3
13 49 1
13 50 3
13 51 1
13 52 3
13 53 3
13 56 3
13 59 2
13 62 2
13 67 2
14 15 3
14 16 1
14 17 1
14 19 3
14 20 1
14 21 2
14 23 2
14 27 3
14 28 3
14 29 2
14 30 3
14 32 1
14 33 2
14 34 2
14 36 2
14 37 3
14 39 2
14 42 1
14 43 1
14 44 1
14 45 2
14 48 1
14 49 3
14 50 2
14 55 1
14 56 2
14 58 1
14 60 9
14 62 3
14 63 1
14 65 3
14 68 2
14 69 1
15 16 3
15 17 3
15 18 1
15 21 1
15 22 3
15 24 3
15 26 3
15 29 3
15 30 1
15 34 1
15 37 1
15 41 2
15 44 1
15 45 2
15 46 1
15 47 8
15 53 1
15 57 3
15 61 1
15 64 3
15 66 2
15 67 1
15 68 3
15 69 2
16 17 3
16 19 2
16 20 3
16 22 1
16 25 3
16 27 2
16 30 1
16 31 8
16 33 1
16 35 3
16 37 3
16 38 3
16 44 1
16 45 1
16 48 1
16 49 2
16 50 3
16 51 1
16 55 2
16 59 2
16 62 2
16 63 2
16 64 3
16 69 1
17 18 2
17 19 3
17 20 2
17 21 1
17 24 2
17 28 3
17 29 3
17 30 1
17 31 3
17 33 3
17 35 1
17 36 3
17 38 1
17 39 1
17 42 3
17 46 3
17 47 10
17 48 1
17 49 1
17 54 1
17 55 2
17 57 3
17 58 1
17 59 1
17 63 2
17 64 2
17 66 2
17 67 2
17 68 3
18 19 3
18 20 2
18 21 2
18 22 2
18 23 2
18 24 1
18 26 2
18 27 3
18 28 1
18 29 3
18 30 2
18 32 3
18 33 1
18 35 1
18 38 3
18 40 3
18 41 3
18 42 3
18 44 1
18 45 2
18 46 1
18 50 3
18 52 2
18 53 3
18 57 2
18 58 1
18 60 9
18 61 2
18 66 3
18 68 2
19 20 1
19 22 2
19 23 2
19 25 3
19 27 2
19 28 2
19 30 3
19 31 1
19 32 3
19 33 2
19 37 1
19 38 1
19 39 1
19 40 3
19 45 1
19 49 3
19 50 2
19 52 2
19 53 1
19 56 1
19 58 2
19 60 10
19 62 1
19 63 3
19 64 3
19 65 3
19 67 1
20 21 2
20 29 1
20 30 1
20 32 1
20 34 2
20 35 2
20 36 3
20 37 3
20 38 3
20 39 2
20 41 3
20 42 3
20 43 2
20 44 3
20 45 1
20 48 3
20 51 1
20 52 3
20 53 2
20 54 3
20 56 1
20 59 2
20 61 3
20 62 3
20 63 3
20 65 2
20 66 3
21 22 2
21 23 2
21 24 1
21 26 3
21 27 1
21 28 1
21 29 1
21 30 1
21 33 1
21 34 2
21 35 2
21 37 2
21 38 2
21 39 2
21 40 3
21 41 3
21 42 2
21 43 3
21 44 3
21 46 2
21 47 1
21 49 2
21 50 1
21 54 1
21 55 1
21 56 3
21 57 1
21 59 3
21 60 10
21 61 1
21 63 2
21 64 3
21 65 1
21 67 3
21 68 3
22 23 1
22 24 3
22 25 1
22 26 2
22 27 1
22 28 1
22 31 1
22 33 3
22 34 2
22 35 3
22 37 2
22 38 3
22 39 2
22 41 3
22 43 1
22 44 1
22 48 2
22 53 2
22 54 2
22 61 2
22 62 3
22 63 3
22 64 3
22 68 1
22 70 10
23 24 1
23 26 3
23 29 3
23 30 3
23 32 3
23 36 3
23 38 2
23 44 1
23 45 3
23 46 3
23 49 2
23 50 3
23 52 1
23 54 3
23 56 1
23 60 9
23 62 2
23 63 1
23 64 1
23 65 2
23 66 1
23 68 1
23 69 2
24 25 2
24 29 2
24 30 2
24 33 2
24 35 3
24 36 1
24 37 1
24 38 1
24 39 2
24 41 1
24 42 3
24 46 2
24 47 10
24 48 2
24 50 1
24 51 3
24 52 3
24 54 2
24 57 2
24 59 1
24 61 3
24 62 3
24 63 3
24 64 2
24 66 1
24 67 3
25 26 1
25 29 8
25 30 3
25 32 3
25 33 1
25 36 2
25 37 1
25 38 2
25 43 2
25 45 2
25 47 1
25 50 3
25 51 3
25 52 1
25 53 1
25 57 1
25 59 1
25 61 3
25 64 1
25 65 2
25 66 2
25 69 3
25 70 10
26 27 2
26 32 1
26 33 3
26 35 3
26 36 2
26 38 3
26 40 1
26 42 2
26 44 3
26 45 2
26 47 8
26 49 2
26 50 2
26 51 1
26 52 3
26 54 3
26 55 1
26 57 2
26 58 1
26 61 3
26 62 3
26 69 1
27 28 3
27 30 1
27 31 10
27 32 3
27 33 1
27 34 3
27 38 2
27 39 1
27 41 1
27 42 1
27 45 2
27 46 2
27 51 2
27 52 2
27 54 2
27 56 2
27 57 2
27 61 1
27 64 3
27 65 1
27 66 2
27 68 3
28 29 3
28 30 2
28 32 1
28 33 1
28 34 2
28 35 1
28 37 1
28 39 2
28 44 1
28 45 1
28 48 3
28 50 3
28 52 2
28 53 2
28 56 3
28 62 2
28 64 1
28 67 2
28 68 2
29 30 1
29 33 1
29 35 2
29 37 1
29 39 1
29 41 3
29 44 1
29 45 3
29 50 2
29 51 3
29 53 3
29 56 1
29 57 2
29 61 1
29 64 3
29 65 1
29 66 3
29 68 2
30 31 2
30 33 1
30 36 1
30 37 3
30 40 1
30 41 3
30 42 1
30 43 3
30 44 3
30 47 9
30 48 3
30 49 1
30 54 3
30 55 2
30 58 3
30 59 1
30 63 2
30 64 1
30 66 1
30 68 1
30 70 1
31 32 3
31 34 3
31 36 2
31 37 3
31 38 9
31 39 2
31 40 9
31 41 2
31 43 3
31 44 2
31 45 3
31 56 9
31 58 3
31 60 8
31 61 2
31 63 1
31 65 2
31 66 3
32 33 3
32 34 1
32 35 3
32 39 2
32 42 1
32 43 2
32 45 2
32 48 1
32 49 1
32 50 2
32 51 1
32 54 1
32 55 3
32 58 2
32 60 9
32 61 3
32 64 1
32 65 2
32 66 2
32 69 2
33 34 3
33 36 3
33 37 2
33 39 2
33 43 1
33 50 2
33 53 1
33 55 1
33 56 1
33 58 2
33 60 10
33 64 1
33 65 2
33 68 2
33 69 2
33 70 2
34 35 2
34 38 3
34 41 3
34 42 2
34 44 2
34 49 1
34 50 3
34 54 1
34 55 3
34 56 3
34 57 3
34 60 10
34 61 2
34 64 1
34 65 2
34 66 2
34 67 3
34 69 3
35 36 1
35 37 3
35 41 2
35 44 2
35 45 2
35 46 2
35 47 9
35 49 2
35 51 2
35 53 1
35 55 3
35 59 3
35 64 1
35 65 2
35 66 3
35 68 2
35 70 1
36 37 1
36 38 2
36 39 2
36 41 3
36 42 2
36 43 1
36 44 1
36 46 3
36 48 2
36 50 1
36 53 1
36 54 3
36 55 3
36 57 3
36 58 2
36 59 1
36 60 8
36 61 1
36 62 1
36 64 3
36 66 2
37 38 3
37 41 2
37 43 1
37 45 2
37 46 2
37 49 2
37 50 3
37 53 1
37 54 3
37 55 3
37 58 1
37 61 2
37 65 2
37 66 3
37 67 1
37 68 1
37 69 3
37 70 8
38 39 3
38 41 1
38 42 3
38 44 1
38 45 2
38 46 1
38 48 1
38 49 2
38 53 2
38 55 2
38 58 1
38 59 3
38 61 3
38 62 1
38 64 1
38 65 1
38 69 1
39 40 2
39 43 3
39 45 1
39 46 3
39 49 3
39 51 3
39 52 2
39 53 3
39 54 2
39 56 3
39 58 1
39 60 10
39 64 3
39 66 2
39 67 1
39 68 2
40 41 1
40 43 1
40 44 3
40 45 1
40 47 2
40 48 2
40 49 3
40 51 3
40 54 1
40 56 2
40 57 2
40 59 2
40 63 3
40 66 1
40 67 1
41 42 1
41 45 3
41 47 8
41 50 2
41 52 1
41 56 1
41 57 2
41 58 1
41 68 2
41 69 1
42 43 3
42 45 1
42 48 3
42 49 2
42 50 2
42 54 2
42 55 3
42 57 1
42 59 1
42 61 2
42 62 3
42 64 1
42 65 2
42 66 3
42 67 2
43 44 2
43 45 2
43 47 1
43 49 3
43 52 2
43 53 2
43 56 1
43 57 3
43 58 1
43 59 2
43 60 10
43 62 2
43 64 1
43 65 2
43 69 1
44 45 1
44 47 9
44 48 2
44 49 3
44 51 2
44 53 2
44 54 1
44 55 2
44 56 1
44 58 3
44 61 2
44 63 1
44 64 1
44 65 1
44 68 3
44 69 1
44 70 1
45 46 1
45 47 3
45 50 2
45 51 2
45 53 2
45 55 2
45 56 2
45 59 3
45 60 8
45 62 3
45 64 3
45 65 3
45 66 1
45 67 1
45 69 2
46 47 9
46 50 2
46 52 2
46 56 1
46 58 3
46 63 1
46 65 2
46 66 3
46 67 1
47 48 1
47 50 10
47 51 2
47 53 8
47 54 8
47 55 8
47 58 1
47 59 2
47 60 8
47 63 9
47 64 9
48 49 1
48 50 1
48 51 2
48 53 2
48 54 2
48 55 2
48 57 3
48 59 2
48 60 10
48 62 2
48 63 3
48 64 2
48 67 1
48 69 1
49 50 1
49 51 1
49 52 3
49 53 3
49 56 1
49 57 3
49 59 1
49 61 2
49 62 3
49 63 3
49 68 1
50 51 1
50 54 1
50 55 2
50 58 1
50 59 2
50 61 1
50 62 1
50 63 1
50 64 3
50 65 3
50 67 1
50 70 1
51 52 2
51 55 1
51 59 2
51 60 9
51 64 2
51 66 3
51 69 3
51 70 1
52 53 1
52 54 1
52 55 3
52 56 2
52 58 1
52 62 3
52 63 3
52 64 1
52 67 3
52 69 1
52 70 9
53 54 2
53 55 1
53 57 1
53 61 3
53 64 1
53 66 1
53 67 1
53 68 3
54 55 3
54 56 3
54 61 2
54 65 2
54 67 2
54 68 1
55 56 2
55 63 2
55 65 3
55 66 3
55 68 3
56 57 2
56 59 3
56 62 2
56 63 2
56 67 2
56 68 1
56 69 3
57 58 3
57 60 8
57 61 1
57 65 3
57 66 3
57 67 2
57 68 2
57 69 3
58 59 3
58 60 8
58 64 2
58 65 3
58 66 3
58 67 2
58 68 2
58 69 2
59 60 10
59 61 1
59 62 3
59 65 1
59 66 2
60 61 8
60 65 9
60 66 9
60 67 9
60 70 10
61 62 2
61 63 2
61 69 1
62 63 1
62 64 2
62 67 1
62 69 3
63 64 2
63 66 2
63 68 2
63 69 1
64 65 3
64 66 2
64 67 2
64 68 1
64 69 3
65 66 2
65 67 1
65 68 2
66 67 1
66 68 2
67 68 1
67 69 3
68 69 2
68 70 10
69 70 9
