118 179
10
6
3
3
3
10
1
3
4
10
4
4
6
4
4
4
4
5
4
4
9
9
4
4
8
8
4
8
9
4
1
4
4
4
1
8
4
9
2
4
4
1
8
9
4
8
8
6
1
7
4
8
9
4
2
4
9
5
4
8
4
3
3
8
10
4
3
4
1
4
4
10
4
2
4
2
4
10
4
4
4
9
10
2
4
4
7
4
4
8
5
4
10
4
5
4
7
7
9
4
8
9
4
8
1
9
3
8
8
4
7
3
5
8
10
3
3
8
1 2 10
1 3 8
2 12 5
3 5 8
3 12 8
4 5 8
4 11 6
5 6 9
5 8 9
5 11 8
6 7 10
7 12 3
8 9 8
8 30 10
9 10 10
11 12 3
11 13 9
12 14 5
12 16 5
12 117 8
13 15 6
14 15 10
15 17 7
15 19 9
15 33 9
16 17 8
17 18 6
17 30 10
17 31 6
17 113 5
18 19 10
19 20 8
19 34 8
20 21 10
21 22 10
22 23 8
23 24 8
23 25 8
23 32 10
24 70 10
24 72 10
25 26 10
25 27 10
26 30 8
27 28 8
27 32 2
27 115 10
28 29 10
29 31 9
30 38 10
31 32 1
32 113 10
32 114 7
33 37 5
34 36 9
34 37 9
34 43 8
35 36 9
35 37 1
37 38 3
37 39 9
37 40 8
38 65 8
39 40 2
40 41 9
40 42 9
41 42 1
42 49 6
43 44 9
44 45 10
45 46 8
45 49 3
46 47 10
46 48 8
47 49 1
47 69 5
48 49 2
49 50 6
49 51 7
49 54 6
49 66 8
49 69 3
50 57 8
51 52 8
51 58 9
52 53 9
53 54 9
54 55 6
54 56 5
54 59 10
55 56 1
55 59 9
56 57 8
56 58 3
56 59 8
59 60 6
59 61 10
59 63 5
60 61 9
60 62 7
61 62 2
61 64 8
62 66 8
62 67 6
63 64 10
64 65 8
65 66 9
65 68 8
66 67 10
68 69 9
68 81 9
68 116 9
69 70 2
69 75 5
69 77 5
70 71 7
70 74 10
70 75 9
71 72 8
71 73 9
74 75 2
75 77 8
75 118 9
76 77 6
76 118 10
77 78 8
77 80 6
77 82 10
78 79 10
79 80 2
80 81 1
80 96 9
80 97 5
80 98 8
80 99 9
82 83 9
82 96 8
83 84 8
83 85 8
84 85 3
85 86 8
85 88 8
85 89 9
86 87 8
88 89 1
89 90 10
89 92 8
90 91 10
91 92 2
92 93 7
92 94 6
92 100 7
92 102 9
93 94 9
94 95 7
94 96 8
94 100 9
95 96 9
96 97 8
98 100 3
99 100 1
100 101 5
100 103 8
100 104 8
100 106 10
101 102 8
103 104 1
103 105 7
103 110 8
104 105 3
105 106 9
105 107 7
105 108 6
106 107 8
108 109 8
109 110 8
110 111 8
110 112 8
114 115 8
