57 78
3
10
10
3
1
1
3
1
1
1
1
1
1
1
1
8
8
3
10
8
3
3
3
3
3
8
9
3
3
8
9
3
10
3
3
3
3
3
10
10
3
2
7
8
9
10
10
3
3
10
10
3
10
10
3
3
5
1 2 8
1 15 9
1 16 10
1 17 8
2 3 10
3 4 8
3 15 7
4 5 10
4 6 9
4 18 8
5 6 1
6 7 6
6 8 5
7 8 9
7 29 10
8 9 7
9 10 7
9 11 7
9 12 5
9 13 5
9 55 10
10 12 1
10 51 10
11 13 3
11 41 10
11 43 6
12 13 2
12 16 8
12 17 3
13 14 5
13 15 1
13 49 9
14 15 2
14 46 9
15 45 6
18 19 10
19 20 8
20 21 9
21 22 9
22 23 8
22 38 7
23 24 9
24 25 9
24 26 8
25 30 9
26 27 10
27 28 10
28 29 8
29 52 9
30 31 10
31 32 10
32 33 8
32 34 9
34 35 9
35 36 10
36 37 8
36 40 8
37 38 8
37 39 10
38 44 10
38 48 9
38 49 8
39 57 9
40 56 8
41 42 7
41 43 9
41 56 8
42 56 8
44 45 9
46 47 9
47 48 8
48 49 3
49 50 9
50 51 10
52 53 10
53 54 10
54 55 8
56 57 2
