100 1413 
7
10
8
2
8
9
3
2
9
7
5
9
1
3
4
10
4
9
6
7
9
3
3
8
8
6
3
2
9
9
8
7
8
9
3
8
9
4
1
10
8
8
10
9
9
10
3
10
9
9
9
9
10
2
10
2
9
9
9
2
4
2
5
6
10
4
4
9
10
7
10
8
9
9
1
2
3
6
9
1
10
8
8
9
9
9
8
2
1
8
8
9
8
6
9
2
4
4
10
7
1 2 6
1 3 7
1 4 7
1 5 5
1 6 6
1 7 5
1 8 7
1 9 6
1 10 7
1 11 5
1 12 6
1 13 7
1 14 5
1 15 5
1 16 6
1 17 7
1 18 7
1 19 7
1 20 7
1 21 6
1 22 5
1 23 6
1 24 9
1 25 5
1 26 7
1 27 7
1 28 6
1 29 6
1 30 6
1 31 6
1 32 5
1 33 6
1 34 5
1 35 6
1 36 5
1 37 5
1 38 6
1 39 5
1 40 5
1 41 7
1 42 5
1 43 6
1 44 6
1 45 6
1 46 7
1 47 7
1 49 5
1 50 5
1 51 5
1 52 7
1 53 5
1 54 6
1 55 5
1 56 6
1 57 6
1 58 7
1 59 5
1 60 7
1 61 6
1 62 5
1 63 7
1 64 7
1 65 7
1 66 7
1 67 5
1 68 7
1 69 6
1 70 5
1 73 5
1 74 6
1 75 6
1 76 5
1 77 5
1 79 7
1 80 5
1 81 5
1 83 5
1 84 5
1 86 5
1 87 5
1 88 7
1 89 7
1 90 5
1 91 6
1 92 5
1 100 6
2 3 2
2 4 3
2 5 3
2 6 2
2 7 2
2 8 2
2 9 2
2 10 1
2 11 1
2 12 3
2 13 1
2 14 2
2 15 1
2 16 1
2 17 2
2 18 3
2 19 2
2 20 1
2 21 2
2 22 2
2 23 2
2 24 8
2 25 1
2 26 1
2 27 1
2 28 3
2 29 1
2 30 2
2 31 3
2 32 3
2 33 1
2 34 3
2 35 3
2 36 3
2 37 2
2 38 2
2 39 2
2 41 3
2 42 2
2 43 2
2 44 3
2 45 3
2 46 2
2 47 2
2 48 6
2 49 2
2 50 1
2 51 3
2 52 3
2 54 2
2 55 3
2 56 2
2 58 1
2 60 2
2 61 2
2 62 2
2 63 3
2 65 2
2 66 3
2 67 3
2 68 3
2 69 3
2 70 2
2 71 7
2 72 7
2 73 1
2 74 1
2 77 1
2 78 6
2 80 3
2 81 3
2 84 3
2 86 2
2 92 1
2 93 7
2 94 5
2 95 7
3 4 1
3 5 1
3 6 3
3 7 1
3 8 2
3 9 1
3 10 1
3 11 3
3 12 3
3 13 2
3 14 1
3 15 1
3 16 1
3 17 3
3 18 2
3 19 1
3 20 2
3 21 1
3 22 3
3 23 1
3 24 9
3 25 1
3 26 3
3 27 1
3 28 1
3 29 1
3 30 3
3 31 1
3 32 3
3 33 1
3 34 2
3 35 2
3 36 1
3 37 2
3 38 1
3 39 3
3 41 1
3 42 3
3 43 2
3 44 1
3 45 3
3 46 3
3 48 1
3 49 2
3 51 3
3 52 2
3 53 1
3 54 2
3 55 3
3 56 3
3 57 2
3 60 3
3 61 3
3 62 2
3 63 1
3 64 3
3 65 2
3 66 1
3 67 2
3 68 3
3 69 3
3 70 1
3 74 1
3 76 3
3 77 3
3 79 3
3 80 3
3 88 2
3 90 1
3 91 1
3 92 3
3 93 2
3 94 2
3 95 2
4 5 2
4 6 2
4 7 1
4 8 1
4 9 1
4 10 3
4 11 1
4 12 3
4 13 3
4 14 3
4 15 1
4 17 1
4 18 2
4 19 1
4 20 1
4 21 1
4 22 1
4 23 2
4 24 10
4 25 3
4 26 3
4 27 3
4 28 2
4 29 3
4 30 2
4 31 3
4 32 1
4 34 2
4 35 3
4 36 2
4 37 1
4 38 1
4 39 1
4 41 3
4 42 2
4 43 1
4 44 2
4 46 3
4 48 2
4 50 2
4 51 3
4 53 1
4 55 3
4 57 2
4 60 3
4 61 2
4 62 2
4 63 2
4 64 2
4 65 1
4 66 1
4 67 1
4 68 3
4 76 2
4 77 3
4 79 1
4 83 3
4 86 2
4 89 3
4 90 2
4 91 2
4 92 3
5 6 3
5 7 1
5 8 3
5 9 3
5 10 1
5 11 2
5 12 3
5 13 2
5 14 3
5 15 2
5 16 2
5 17 3
5 18 2
5 19 3
5 20 2
5 21 2
5 22 1
5 23 3
5 24 9
5 25 1
5 26 3
5 27 3
5 28 3
5 29 2
5 30 3
5 31 1
5 32 3
5 34 3
5 35 1
5 36 2
5 37 2
5 38 1
5 39 2
5 41 2
5 42 3
5 43 1
5 44 3
5 45 1
5 46 1
5 47 3
5 48 1
5 49 3
5 51 2
5 52 3
5 54 2
5 55 3
5 56 1
5 57 1
5 61 3
5 62 1
5 63 3
5 65 2
5 68 2
5 74 3
5 77 2
5 80 1
5 81 1
5 84 2
5 86 1
5 87 3
5 91 2
5 92 2
5 93 2
6 7 2
6 8 3
6 9 3
6 10 3
6 11 1
6 12 1
6 13 2
6 14 1
6 15 2
6 17 3
6 18 3
6 19 1
6 20 3
6 21 2
6 22 2
6 23 1
6 24 8
6 25 2
6 26 2
6 27 1
6 28 1
6 29 1
6 30 3
6 31 2
6 32 2
6 34 2
6 35 2
6 36 1
6 37 2
6 38 3
6 39 2
6 41 1
6 42 1
6 43 2
6 44 2
6 46 2
6 53 2
6 55 3
6 56 1
6 57 3
6 60 1
6 61 2
6 62 3
6 63 2
6 64 1
6 65 1
6 66 3
6 67 1
6 68 3
6 69 1
6 76 3
6 79 2
6 83 1
6 88 2
6 92 1
6 93 1
6 94 3
6 95 2
7 8 2
7 9 2
7 10 3
7 11 3
7 12 3
7 13 2
7 14 2
7 15 3
7 16 2
7 17 1
7 18 1
7 19 1
7 20 2
7 21 3
7 22 2
7 23 3
7 25 1
7 26 2
7 27 2
7 28 2
7 29 1
7 30 1
7 32 2
7 33 2
7 34 2
7 35 3
7 36 3
7 37 2
7 39 2
7 44 3
7 45 2
7 47 1
7 48 2
7 49 2
7 50 3
7 51 1
7 52 9
7 54 2
7 58 1
7 59 1
7 62 2
7 67 2
7 70 2
7 71 3
7 72 2
7 73 1
7 74 1
7 75 2
7 77 1
7 78 2
7 80 3
7 81 1
7 84 1
7 86 2
7 87 3
7 96 6
7 97 7
8 9 1
8 10 3
8 11 3
8 12 2
8 13 3
8 14 1
8 15 1
8 16 1
8 17 3
8 18 3
8 19 1
8 20 2
8 21 1
8 22 1
8 23 2
8 25 2
8 26 2
8 27 3
8 28 1
8 29 1
8 30 3
8 31 3
8 32 2
8 33 1
8 34 2
8 35 3
8 36 1
8 37 1
8 38 2
8 39 3
8 40 1
8 41 2
8 42 3
8 43 3
8 44 1
8 45 2
8 47 1
8 48 3
8 49 3
8 50 1
8 51 2
8 52 9
8 53 1
8 54 1
8 58 3
8 59 2
8 65 3
8 77 3
8 84 2
8 87 1
8 96 1
8 97 3
8 100 2
9 10 3
9 11 1
9 12 2
9 13 1
9 14 2
9 15 1
9 16 3
9 17 3
9 18 3
9 19 3
9 20 1
9 21 3
9 22 3
9 23 3
9 24 9
9 25 1
9 26 2
9 27 2
9 28 1
9 29 3
9 30 1
9 31 3
9 32 1
9 33 1
9 34 2
9 35 1
9 36 3
9 37 1
9 38 1
9 39 2
9 40 2
9 41 1
9 42 1
9 43 3
9 44 3
9 45 1
9 46 1
9 47 2
9 48 1
9 53 1
9 54 1
9 57 2
9 60 1
9 61 2
9 63 1
9 64 3
9 65 3
9 76 1
9 79 2
9 90 3
9 100 10
10 11 1
10 12 3
10 13 3
10 14 3
10 15 2
10 16 1
10 17 3
10 18 2
10 19 2
10 20 2
10 21 2
10 22 3
10 25 2
10 26 1
10 27 3
10 28 2
10 29 3
10 30 1
10 33 2
10 34 2
10 35 2
10 36 3
10 37 3
10 39 3
10 40 2
10 47 2
10 49 2
10 50 3
10 51 2
10 52 8
10 54 2
10 58 1
10 59 1
10 70 1
10 72 1
10 73 1
10 75 3
10 78 1
10 81 1
10 98 5
11 12 2
11 13 2
11 14 1
11 15 2
11 17 3
11 18 3
11 19 3
11 20 1
11 21 3
11 22 3
11 23 1
11 24 8
11 25 3
11 26 1
11 27 1
11 28 1
11 29 3
11 30 1
11 31 2
11 32 3
11 34 1
11 36 1
11 37 2
11 38 2
11 39 2
11 41 2
11 42 3
11 43 1
11 44 2
11 46 3
11 48 2
11 53 3
11 55 1
11 56 2
11 57 2
11 60 3
11 61 1
11 63 1
11 64 2
11 66 1
11 69 2
11 76 1
11 83 3
11 88 1
11 89 1
12 13 1
12 14 1
12 15 3
12 16 2
12 17 3
12 19 1
12 20 2
12 21 1
12 22 2
12 24 10
12 25 1
12 26 1
12 27 3
12 28 3
12 29 3
12 30 1
12 31 3
12 32 1
12 34 1
12 36 3
12 37 3
12 38 3
12 39 1
12 41 1
12 42 2
12 43 2
12 44 2
12 46 1
12 53 3
12 55 1
12 56 3
12 57 1
12 60 3
12 61 3
12 63 3
12 64 3
12 66 1
12 67 1
12 69 1
12 76 3
12 79 1
12 83 3
12 89 2
13 15 1
13 16 1
13 17 3
13 18 3
13 19 3
13 20 1
13 21 2
13 22 3
13 23 1
13 25 2
13 26 2
13 27 2
13 29 1
13 31 3
13 32 1
13 33 3
13 34 1
13 35 3
13 36 2
13 38 2
13 39 1
13 43 3
13 44 1
13 45 2
13 46 2
13 47 3
13 50 2
13 51 1
13 52 8
13 54 3
13 55 1
13 62 3
13 63 3
13 67 2
13 70 1
13 71 2
13 74 3
13 77 2
13 80 3
13 84 2
13 85 6
13 94 2
13 95 3
14 15 3
14 16 2
14 17 3
14 18 3
14 19 1
14 20 3
14 21 2
14 22 1
14 23 1
14 24 8
14 25 3
14 27 2
14 28 3
14 29 1
14 30 3
14 31 1
14 32 1
14 33 2
14 34 3
14 35 1
14 36 3
14 37 1
14 38 3
14 39 3
14 41 2
14 43 1
14 44 2
14 45 2
14 46 1
14 51 1
14 53 3
14 55 2
14 57 3
14 60 2
14 61 2
14 63 3
14 64 1
14 65 2
14 66 3
14 68 2
14 79 2
14 89 2
14 90 3
14 91 2
14 92 1
14 93 1
15 16 3
15 17 2
15 18 3
15 19 2
15 20 2
15 21 3
15 22 2
15 25 2
15 26 2
15 28 3
15 29 2
15 30 2
15 33 1
15 34 1
15 35 3
15 36 3
15 37 3
15 44 2
15 45 1
15 47 3
15 49 2
15 50 2
15 51 3
15 52 9
15 54 2
15 58 1
15 62 3
15 67 3
15 70 1
15 72 1
15 73 1
15 74 3
15 77 2
15 80 2
15 81 3
15 84 3
15 86 1
16 17 1
16 18 3
16 20 3
16 22 1
16 25 1
16 26 2
16 28 1
16 33 3
16 35 3
16 36 1
16 39 1
16 40 2
16 47 3
16 50 3
16 51 1
16 52 10
16 54 2
16 58 3
16 59 3
16 62 1
16 71 2
16 72 3
16 73 2
16 74 1
16 75 1
16 77 2
16 78 1
16 80 3
16 81 2
16 84 3
16 87 10
16 96 2
16 97 3
16 99 7
17 18 1
17 19 1
17 20 1
17 21 2
17 22 3
17 25 2
17 26 2
17 27 1
17 28 2
17 29 1
17 30 1
17 32 3
17 33 3
17 34 3
17 35 3
17 36 3
17 37 1
17 39 3
17 40 2
17 42 3
17 44 3
17 47 2
17 49 3
17 50 2
17 51 8
17 54 3
17 58 2
17 70 3
17 72 3
17 73 1
17 75 3
17 78 3
17 81 1
17 84 3
17 98 2
18 22 3
18 25 2
18 26 3
18 27 2
18 28 3
18 29 2
18 30 2
18 33 1
18 35 1
18 36 1
18 37 2
18 40 3
18 47 1
18 48 2
18 49 3
18 50 2
18 52 8
18 54 3
18 58 3
18 59 2
18 71 1
18 72 3
18 73 3
18 75 3
18 98 1
18 99 3
19 20 3
19 21 3
19 22 3
19 23 1
19 24 9
19 25 1
19 27 2
19 29 2
19 30 1
19 31 2
19 32 2
19 34 1
19 35 3
19 36 3
19 37 3
19 38 1
19 39 1
19 41 2
19 43 2
19 44 3
19 45 2
19 46 2
19 48 2
19 55 2
19 56 2
19 60 3
19 61 2
19 62 1
19 65 1
19 66 1
19 68 2
19 91 2
19 92 2
19 93 2
19 94 1
19 95 2
20 21 3
20 22 2
20 23 2
20 24 10
20 25 1
20 26 1
20 27 2
20 28 1
20 29 1
20 30 3
20 31 3
20 32 1
20 34 1
20 36 1
20 37 1
20 38 2
20 39 1
20 41 3
20 42 1
20 43 3
20 44 2
20 46 1
20 48 3
20 53 3
20 55 3
20 56 1
20 57 2
20 63 2
20 66 1
20 68 1
20 69 3
20 76 2
20 83 2
20 95 1
21 22 1
21 23 2
21 24 10
21 25 3
21 26 1
21 27 2
21 28 1
21 29 3
21 32 1
21 34 2
21 36 3
21 38 2
21 39 1
21 41 1
21 42 2
21 43 3
21 44 1
21 46 3
21 53 3
21 55 3
21 56 1
21 57 3
21 60 1
21 61 2
21 63 1
21 64 1
21 66 1
21 69 3
21 76 1
21 79 3
21 83 3
22 23 1
22 24 9
22 25 2
22 26 1
22 27 3
22 28 3
22 29 3
22 30 2
22 31 1
22 32 2
22 34 3
22 37 2
22 38 3
22 41 1
22 42 2
22 43 3
22 44 3
22 46 2
22 47 1
22 53 2
22 56 1
22 57 2
22 60 1
22 61 3
22 64 2
22 69 2
22 89 2
23 24 10
23 26 2
23 27 1
23 28 2
23 29 1
23 30 2
23 31 2
23 32 3
23 34 3
23 36 2
23 37 3
23 38 1
23 39 1
23 41 1
23 42 1
23 43 2
23 44 3
23 46 2
23 48 3
23 53 3
23 55 2
23 57 3
23 60 3
23 61 3
23 63 1
23 64 3
23 65 3
23 66 2
23 79 3
23 88 3
23 89 1
24 27 9
24 28 10
24 29 9
24 31 10
24 32 3
24 38 3
24 41 2
24 43 2
24 46 1
24 53 2
24 55 1
24 56 3
24 57 8
24 60 9
24 61 10
24 63 1
24 64 2
24 66 8
24 69 1
24 76 10
24 79 2
24 83 2
24 88 1
25 28 1
25 29 1
25 30 3
25 32 3
25 33 1
25 34 3
25 35 2
25 36 2
25 37 2
25 44 3
25 47 3
25 48 1
25 49 3
25 50 3
25 51 1
25 52 10
25 54 2
25 58 1
25 62 2
25 70 2
25 72 3
25 73 1
25 77 2
25 81 1
25 84 1
25 86 3
26 27 1
26 28 3
26 29 3
26 31 2
26 32 2
26 35 3
26 38 2
26 39 2
26 41 3
26 53 1
26 56 1
26 60 2
26 61 2
26 64 2
26 66 1
26 69 9
26 76 1
26 88 3
26 89 1
27 28 2
27 29 2
27 30 1
27 31 2
27 32 1
27 34 3
27 35 1
27 37 1
27 38 1
27 39 1
27 41 1
27 43 3
27 45 2
27 46 1
27 47 1
27 55 3
27 56 3
27 63 3
27 83 1
28 29 3
28 31 3
28 32 3
28 34 1
28 35 1
28 38 2
28 39 2
28 41 3
28 44 1
28 45 2
28 46 1
28 53 1
28 56 3
28 57 3
28 60 3
28 61 1
28 64 1
29 31 1
29 32 3
29 34 1
29 36 2
29 37 1
29 38 2
29 39 3
29 41 3
29 43 3
29 46 2
29 48 2
29 53 2
29 61 3
29 63 2
29 65 2
29 76 1
30 31 1
30 32 3
30 34 1
30 36 1
30 37 2
30 38 2
30 39 1
30 43 3
30 45 8
30 62 3
30 65 2
30 67 2
30 68 1
30 74 2
30 77 1
30 80 3
30 86 3
30 92 3
30 93 2
31 32 3
31 34 1
31 36 3
31 37 3
31 38 1
31 39 2
31 41 1
31 42 2
31 43 3
31 44 3
31 46 1
31 48 3
31 53 1
31 57 1
31 64 1
31 65 3
31 66 3
31 76 1
31 79 3
31 88 2
32 34 1
32 37 2
32 38 3
32 39 1
32 41 3
32 42 3
32 43 3
32 44 2
32 46 3
32 48 10
32 56 1
32 63 3
32 95 3
33 35 3
33 40 2
33 47 1
33 50 2
33 52 8
33 54 3
33 58 2
33 59 3
33 71 1
33 72 2
33 73 2
33 75 2
33 99 3
34 36 1
34 38 2
34 39 3
34 42 3
34 43 3
34 44 2
34 48 8
34 65 3
35 36 1
35 37 2
35 47 2
35 49 3
35 50 1
35 51 3
35 52 8
35 54 2
35 58 2
35 70 1
35 72 1
35 73 1
35 78 2
35 81 3
36 37 3
36 48 3
36 71 8
36 74 1
36 77 8
36 80 3
36 86 2
37 38 2
37 44 8
38 39 1
38 41 1
38 43 2
38 46 2
38 48 9
38 83 2
39 45 3
39 62 1
39 68 3
39 85 9
40 49 8
40 82 9
41 46 1
41 53 2
41 56 8
41 57 9
41 64 1
42 44 9
42 65 10
42 90 8
43 46 1
43 48 8
43 63 8
44 48 1
45 48 8
45 51 9
45 62 1
45 67 3
45 68 8
45 70 3
45 74 3
45 80 2
45 85 2
46 55 9
46 83 9
47 50 2
47 52 10
47 54 2
47 67 2
47 72 1
47 73 1
47 81 1
48 69 10
49 52 10
49 98 8
50 52 9
50 54 1
50 58 3
50 72 2
50 73 2
50 78 1
51 70 9
51 71 9
51 84 9
51 85 9
52 54 8
52 58 8
52 72 9
52 73 8
52 78 8
52 81 10
53 57 10
53 64 1
53 79 10
54 58 2
54 72 1
54 78 1
55 69 9
55 88 1
55 95 8
57 64 8
57 83 8
58 72 2
58 73 1
58 78 1
58 81 1
59 71 9
59 75 8
59 96 8
59 97 9
59 99 10
60 61 3
62 67 2
62 70 2
62 85 9
65 68 10
65 91 9
67 70 1
67 85 8
69 88 8
70 85 3
71 74 8
71 80 10
71 86 8
72 78 1
73 78 1
74 80 3
74 85 2
74 86 1
74 93 3
75 99 1
79 89 8
80 85 3
81 84 9
85 93 10
91 92 8
94 95 10
96 97 2
