100 144 137.5
3
3
1
3
3
3
5
3
3
3
3
10
3
3
2
3
3
3
3
10
3
3
1
10
5
3
1
3
8
3
9
3
9
8
10
10
6
10
3
3
2
9
6
5
3
10
1
3
9
3
9
9
10
1
3
3
3
10
3
1
8
1
8
3
9
8
6
8
3
3
3
3
3
4
3
8
3
3
3
3
3
3
4
4
2
8
3
1
10
3
1
8
4
8
1
4
6
7
9
7
1 2 10
1 3 6
1 41 9
1 61 8
1 62 6
1 64 9
2 41 1
2 65 9
3 4 10
3 61 1
3 66 6
3 67 7
4 5 9
4 6 8
4 66 8
4 68 9
5 42 8
5 68 3
6 7 9
6 8 8
7 69 7
8 9 9
8 10 8
8 11 10
8 12 10
8 69 9
9 13 8
9 70 9
10 16 10
11 20 10
11 21 8
11 77 10
13 14 8
13 43 9
14 15 8
14 34 8
14 43 3
14 70 2
15 34 3
16 17 8
16 35 9
16 44 10
17 18 5
17 36 8
18 19 8
18 36 10
18 37 9
18 38 7
18 45 7
19 81 8
20 61 8
21 22 10
21 77 3
22 23 7
22 24 10
22 46 9
23 30 7
23 31 7
23 39 9
23 47 6
23 49 7
23 50 5
24 25 10
25 26 7
26 27 8
26 51 9
26 52 10
27 28 6
27 40 5
27 86 7
27 87 6
27 88 6
28 29 9
28 32 5
28 55 9
29 32 8
29 89 9
30 31 3
30 33 8
30 50 8
30 57 9
31 39 9
31 47 1
31 50 1
32 90 9
32 91 9
33 50 3
33 88 10
35 58 9
36 38 9
36 45 9
38 45 3
39 47 9
39 49 8
39 92 9
40 59 6
40 86 8
40 93 8
41 65 3
46 92 9
47 48 6
48 49 8
48 89 8
48 94 10
51 58 8
52 53 9
53 54 8
53 87 9
53 93 9
54 87 2
54 93 1
55 56 9
56 60 8
57 59 8
58 95 8
59 93 10
62 63 6
62 69 10
63 69 10
64 96 8
66 67 10
66 68 1
70 71 10
71 72 9
71 97 9
72 73 8
73 74 8
73 75 8
73 76 8
73 98 10
74 76 2
75 99 10
77 78 8
77 95 2
78 79 9
78 100 8
79 80 10
79 100 1
80 100 1
81 82 9
82 83 8
83 84 9
84 85 8
90 91 3
