100 133
3
3
3
3
3
1
3
10
1
3
3
9
3
3
3
3
3
10
4
2
1
8
9
9
10
1
10
10
3
9
5
7
4
3
9
2
6
8
8
3
3
1
3
10
3
8
9
4
10
10
2
8
10
1
7
3
1
10
5
2
6
8
10
3
4
1
4
4
4
4
9
4
4
10
4
4
4
4
4
4
9
4
4
1
4
6
2
8
4
7
5
10
4
4
8
4
4
4
7
3
1 2 8
1 5 9
1 7 7
1 8 5
1 9 6
1 19 7
1 20 5
1 21 6
1 22 6
1 37 5
1 38 6
1 39 8
1 40 8
1 41 7
1 42 7
1 43 10
1 45 10
2 3 9
2 4 8
2 8 10
2 19 10
2 20 10
2 23 10
2 38 9
2 48 8
2 49 8
2 50 9
2 51 8
3 24 8
3 25 10
3 26 8
3 27 10
3 52 10
3 53 9
3 54 9
4 48 2
4 51 3
4 55 9
4 56 5
5 6 10
5 57 7
5 58 9
6 39 3
6 59 6
6 60 5
7 61 8
7 62 10
8 63 9
9 10 6
9 50 8
10 11 8
10 19 3
10 20 3
10 27 2
10 28 10
10 29 8
10 30 7
10 31 8
10 63 8
10 64 10
11 12 10
11 13 10
11 29 1
11 31 1
12 32 9
13 14 10
13 32 1
14 15 10
14 16 8
14 33 10
14 41 10
14 42 10
15 21 10
15 34 9
15 35 8
16 17 8
16 18 10
17 18 3
17 36 10
22 28 8
22 37 9
25 52 3
30 53 10
35 62 9
43 44 9
44 60 8
45 46 9
46 47 8
47 57 10
47 59 10
49 56 8
64 65 8
65 66 10
65 71 10
65 75 9
66 67 6
67 68 8
67 70 10
67 78 10
68 69 8
68 70 2
69 82 9
71 72 8
72 73 8
72 83 9
73 74 10
73 84 9
74 87 8
75 76 8
76 77 10
76 88 10
77 88 3
77 89 9
77 90 8
78 79 9
78 83 10
79 80 10
80 81 8
82 91 8
83 92 10
84 85 7
84 87 2
85 86 8
85 92 10
85 93 9
89 96 9
93 94 10
94 95 10
96 97 9
97 98 10
97 100 10
98 99 10
98 100 1
