100 122 137.5
3
3
5
3
3
3
3
9
1
3
3
8
3
3
3
10
3
2
1
3
3
8
3
3
3
3
3
3
1
1
3
3
10
3
1
3
3
3
3
3
3
2
9
3
3
4
10
1
3
3
8
6
5
3
10
3
8
3
4
8
6
3
10
1
3
3
3
3
1
10
7
10
3
1
9
8
3
7
4
3
1
1
3
9
10
3
3
8
3
9
3
4
7
8
6
6
2
9
4
2
1 2 8
1 3 8
1 4 9
2 12 9
3 12 3
4 5 10
5 6 8
5 13 8
5 15 10
6 7 8
6 9 8
7 8 8
7 16 8
7 17 8
9 10 5
9 17 1
9 18 5
10 11 9
10 13 9
10 19 8
11 19 2
11 20 7
11 21 10
11 22 8
11 23 8
11 48 8
13 14 8
14 20 10
14 49 10
14 52 10
16 17 2
16 18 10
20 53 8
21 54 8
21 57 8
23 24 8
24 25 9
24 26 9
24 48 1
25 58 9
26 27 10
26 59 10
26 60 8
27 28 8
27 30 9
27 32 10
28 29 5
28 35 6
28 36 9
28 61 5
28 62 10
28 63 10
29 31 10
29 35 2
29 64 5
29 78 7
29 79 7
31 34 8
31 37 9
31 80 9
31 82 10
32 33 8
32 41 9
32 42 8
33 41 3
33 83 9
34 43 8
34 44 8
34 84 10
35 37 9
36 85 10
36 86 10
37 38 8
38 39 10
38 40 8
38 88 8
39 89 8
39 90 10
40 91 6
40 95 8
40 96 9
40 97 6
41 45 9
41 98 9
43 99 8
44 100 10
45 46 9
45 47 9
45 83 2
46 47 3
49 50 9
50 51 8
50 52 1
54 55 8
54 56 9
56 99 8
61 90 8
64 65 9
65 66 8
65 78 9
65 79 8
66 67 6
66 68 8
66 70 8
66 72 10
67 69 9
67 98 9
68 71 9
68 73 10
70 72 2
73 74 8
73 75 10
75 76 8
76 77 10
77 99 10
80 81 9
86 87 9
90 91 9
91 92 10
92 93 9
92 94 10
94 97 9
