100 139 
1
2
1
1
2
2
4
8
8
2
10
9
2
2
9
9
8
2
9
2
2
2
2
2
10
2
1
7
2
2
3
8
10
1
3
1
4
8
3
1
1
3
3
3
3
9
3
9
3
3
9
3
9
3
1
3
3
10
3
3
3
3
3
3
7
3
3
3
8
8
8
7
1
5
5
3
6
1
9
3
3
7
3
3
3
3
3
3
6
3
3
3
8
3
3
3
6
1
3
7
1 2 10
1 3 5
1 4 6
1 6 5
1 7 6
1 15 6
1 16 5
2 5 9
2 7 10
2 8 10
2 17 5
2 18 10
3 5 8
3 6 1
3 9 5
3 19 6
4 10 6
4 17 2
4 20 10
5 7 1
5 9 8
5 11 6
6 9 8
8 11 9
8 15 8
10 12 9
10 17 8
11 19 10
12 13 6
12 14 9
13 14 9
14 18 10
16 18 8
16 20 8
20 21 8
21 22 9
21 23 8
21 35 10
22 25 9
22 26 8
22 36 9
22 37 9
22 38 9
23 24 5
23 28 5
23 29 10
23 30 8
24 35 9
24 39 9
26 27 9
26 32 10
27 35 1
27 36 3
27 37 1
27 40 6
27 41 5
28 38 8
29 33 10
30 31 10
31 34 8
31 42 10
32 40 10
32 41 9
34 42 3
40 41 3
42 43 10
42 47 10
43 44 9
43 67 8
44 45 9
44 70 8
45 46 7
45 54 8
45 70 3
45 71 10
46 49 9
46 55 6
47 48 10
47 56 9
47 72 10
48 52 9
49 50 10
49 55 1
49 57 9
50 51 8
50 52 8
50 55 8
52 53 10
52 73 10
53 58 10
53 73 1
54 74 9
55 67 3
55 70 3
56 75 10
57 76 9
58 59 10
58 61 10
59 60 10
59 78 8
60 61 1
60 62 10
60 79 5
60 80 10
61 73 2
61 79 10
62 63 8
62 65 8
63 64 10
63 66 9
64 65 2
64 66 2
67 68 10
68 69 9
76 77 9
80 81 9
80 83 9
81 82 8
83 84 10
84 85 8
85 86 8
86 87 9
86 88 10
87 90 9
88 89 9
90 91 9
90 94 8
91 92 9
91 94 2
92 93 9
92 97 8
92 99 8
92 100 8
93 97 2
93 99 1
94 95 10
95 96 10
96 98 10
99 100 2
