100 198 
5
2
4
5
3
5
2
10
3
1
5
1
8
5
1
2
9
7
5
2
8
1
3
2
5
5
4
10
7
8
9
8
8
3
1
2
3
1
10
10
10
1
2
8
1
8
7
1
9
9
3
9
3
9
10
5
9
8
10
9
10
2
8
10
8
6
9
7
9
4
5
9
6
1
8
10
10
7
9
4
10
8
7
10
9
7
7
7
4
7
9
2
4
5
4
8
10
10
8
7
1 2 6
1 3 3
1 11 2
1 13 7
1 23 2
1 24 3
1 25 6
1 27 3
1 28 9
1 29 5
1 44 1
1 63 2
2 14 10
2 23 5
2 44 5
2 45 6
2 46 5
2 63 5
3 4 5
3 5 8
3 11 5
3 16 4
3 29 6
3 47 2
4 6 2
4 8 10
4 17 3
4 30 1
4 31 2
4 47 6
4 48 6
4 64 4
5 16 8
5 24 10
5 29 9
5 64 8
5 65 10
6 7 3
6 9 7
6 10 9
6 17 7
6 18 3
6 32 5
6 33 6
7 9 3
7 10 9
7 13 6
7 18 7
7 33 7
7 34 6
7 49 2
7 50 7
7 66 5
7 67 4
8 13 7
8 17 10
8 28 10
8 31 9
9 10 10
9 18 2
9 19 5
9 32 9
9 33 6
10 18 1
10 19 7
10 33 9
10 36 10
11 12 10
11 13 4
11 25 7
11 29 2
12 19 7
12 25 10
12 51 9
12 68 3
12 69 5
13 28 8
14 15 6
14 53 10
14 54 10
14 70 10
15 21 10
15 23 5
15 53 1
15 54 6
15 72 3
16 29 6
16 30 4
16 47 9
16 55 2
17 31 2
17 48 9
18 22 9
19 20 1
19 28 9
19 69 1
20 38 8
20 40 4
20 41 1
20 73 7
21 23 9
21 45 5
21 54 9
21 65 9
22 36 10
22 56 8
22 57 9
23 54 3
24 45 10
24 65 3
24 74 8
25 26 7
25 28 8
26 42 3
26 51 8
26 58 5
26 68 4
26 76 7
26 77 5
26 78 5
27 30 9
27 55 8
27 79 9
30 31 8
31 48 3
33 50 8
34 35 10
34 49 8
34 66 9
35 40 10
35 41 8
35 59 10
36 37 4
36 60 2
37 57 8
37 60 6
37 61 1
37 80 3
37 82 10
38 39 8
38 62 8
38 83 10
40 66 5
40 73 10
41 49 6
41 73 3
42 43 8
42 78 6
43 58 4
43 76 1
43 78 9
43 84 8
44 46 8
44 63 9
45 85 5
46 85 8
48 86 10
51 52 8
51 68 10
52 62 8
52 69 8
53 87 10
55 72 10
55 79 7
56 64 8
56 67 10
56 88 10
57 60 8
58 77 9
59 67 8
59 89 8
60 61 10
61 80 10
62 89 9
70 71 9
71 87 3
71 91 9
71 92 8
74 75 10
74 85 8
75 77 8
75 84 10
76 84 10
80 81 9
89 90 9
92 93 10
93 94 8
93 98 8
94 95 10
94 98 1
94 99 9
94 100 10
95 96 10
95 97 8
95 99 4
95 100 3
96 97 2
99 100 7
