100 140 
1
3
3
3
3
3
10
3
5
1
3
3
3
3
5
3
3
3
3
10
4
1
10
1
1
3
1
3
1
3
3
3
3
1
3
3
6
3
3
3
3
3
7
9
3
9
3
3
3
5
3
2
10
10
7
8
9
3
3
8
3
10
1
2
3
3
3
9
4
10
4
9
5
7
1
3
2
4
1
8
10
1
9
8
10
9
1
4
9
7
4
6
5
9
8
2
7
8
9
9
1 2 7
1 3 9
1 11 7
1 75 5
1 77 6
1 78 6
1 79 6
2 8 8
2 9 7
2 78 9
3 4 5
3 8 8
3 81 8
4 5 9
4 13 7
4 75 9
4 77 10
4 82 6
4 83 9
5 6 10
5 10 5
5 81 8
6 7 8
6 10 9
6 84 10
8 9 8
8 85 9
10 23 6
11 12 9
11 24 7
11 86 10
12 24 10
12 87 8
12 88 10
13 14 8
13 15 5
14 15 8
14 16 8
14 31 8
14 90 5
15 16 3
16 17 10
16 40 10
17 18 10
17 19 8
17 45 8
17 91 8
18 92 9
19 20 10
19 93 10
20 21 7
21 22 5
21 91 8
21 92 2
22 45 8
23 84 10
24 25 5
25 26 9
25 46 5
25 87 3
26 27 10
26 94 10
26 95 8
27 28 7
27 29 5
27 96 7
27 97 7
28 98 9
28 99 9
28 100 8
29 30 5
29 98 9
30 47 10
30 50 10
31 32 8
31 33 8
31 51 6
32 34 8
32 35 9
32 51 9
33 37 8
35 36 7
35 38 9
35 53 8
35 54 6
36 39 10
36 54 3
36 90 9
38 55 8
39 53 8
39 56 9
39 78 8
40 41 10
40 58 8
41 42 8
41 58 1
42 43 9
42 44 10
43 44 1
46 86 9
47 48 8
47 100 10
48 49 10
48 65 8
49 50 1
49 69 10
51 52 8
53 54 8
56 57 8
57 88 9
58 59 10
59 60 10
59 61 8
59 62 8
59 63 9
60 63 2
60 64 8
61 62 2
61 63 2
62 64 1
63 64 3
65 66 10
66 67 8
66 70 9
66 71 9
67 68 9
69 73 9
71 72 8
71 74 8
75 76 7
76 77 2
76 83 10
79 80 9
80 85 9
81 82 10
88 89 10
89 94 10
89 97 9
95 99 9
96 98 10
