100 111
2
2
2
1
2
2
8
1
2
2
2
2
2
2
2
2
9
7
2
2
6
8
9
3
9
8
5
2
4
7
2
2
6
7
2
2
2
2
9
2
2
2
9
2
2
2
8
8
1
7
10
2
2
2
8
2
2
2
2
9
2
5
2
3
3
1
3
3
3
10
3
3
1
10
10
3
3
2
3
3
3
3
3
3
3
1
8
3
3
3
9
2
10
5
4
3
3
3
2
6
1 2 9
1 4 7
1 5 10
1 6 8
1 7 8
1 8 7
2 3 10
3 18 8
3 19 10
4 22 10
5 23 10
6 24 9
7 25 8
8 9 9
9 10 10
9 11 10
9 14 6
10 22 8
10 26 10
10 27 8
11 12 9
11 14 9
11 28 5
12 13 9
12 25 10
12 29 9
13 15 10
13 28 9
13 30 9
14 31 9
15 16 10
15 34 8
16 17 8
16 35 10
19 20 9
20 21 10
31 32 9
32 33 10
35 36 9
36 37 8
36 39 9
37 38 8
37 40 8
38 43 6
38 44 8
38 46 7
39 46 9
40 41 10
41 42 8
41 47 8
41 48 7
42 49 8
42 50 10
43 51 10
44 45 10
45 48 10
45 52 10
46 56 9
51 57 10
52 53 8
52 60 10
53 54 10
53 61 5
53 62 10
54 55 7
54 63 8
54 64 8
54 65 8
55 61 9
56 57 8
56 66 9
57 58 9
58 59 10
58 67 9
59 69 9
60 70 10
61 70 9
63 71 8
64 72 9
65 73 9
67 68 9
67 74 9
68 75 8
68 76 10
69 80 10
71 81 9
72 82 10
75 83 8
76 77 10
76 84 7
77 78 6
77 79 9
77 85 10
78 84 8
79 87 9
79 88 9
80 89 8
80 91 9
81 92 8
82 93 9
83 84 9
83 94 8
85 86 9
85 95 6
87 95 10
88 96 8
89 90 10
89 98 8
90 100 10
96 97 8
98 99 9
