100 122 
2
2
2
2
2
2
1
2
2
2
8
4
2
2
2
4
2
6
9
10
9
2
2
2
2
2
1
1
10
3
3
4
7
3
3
3
3
9
9
10
3
9
10
3
3
8
3
3
8
3
3
3
3
3
3
3
5
8
3
8
2
6
1
1
9
3
3
3
9
3
9
3
3
8
3
3
6
3
3
3
3
1
10
3
3
9
3
3
7
6
9
10
4
4
2
1
6
10
6
6
1 2 10
1 3 10
2 4 10
3 33 10
4 5 10
4 34 8
5 6 10
5 9 8
5 10 10
5 11 9
6 7 10
6 8 10
6 12 10
7 13 7
7 17 5
7 18 7
7 63 7
7 64 7
8 12 1
8 19 10
9 20 9
10 65 10
13 14 9
13 15 9
14 21 8
14 66 8
15 16 9
15 17 9
17 22 10
17 67 10
18 19 8
21 28 9
21 63 8
22 23 9
23 24 8
23 69 10
23 70 8
23 72 9
23 73 10
24 25 9
24 29 9
24 74 5
25 26 9
25 75 10
26 27 10
26 30 10
28 63 2
30 31 9
31 32 9
34 35 9
35 36 9
35 38 8
35 39 9
36 37 9
37 40 10
39 41 10
41 42 10
41 64 8
42 43 9
43 44 8
44 45 8
45 46 10
45 47 9
47 48 10
47 49 10
47 66 8
48 49 3
48 50 9
49 51 8
50 52 9
51 55 10
51 66 3
52 53 8
52 54 8
53 54 3
53 58 8
54 59 8
55 56 10
55 60 9
56 57 10
56 61 10
57 61 3
59 62 8
67 68 10
69 74 9
70 71 8
75 76 8
76 77 10
76 78 8
76 89 8
77 89 2
78 79 9
78 80 8
79 81 8
79 82 9
79 83 10
79 84 9
80 84 3
80 85 8
80 86 6
80 90 5
81 91 8
81 92 10
82 87 7
82 88 6
82 93 5
83 93 8
83 94 8
84 94 2
84 95 8
84 96 6
85 96 9
85 98 8
86 90 9
86 92 9
87 88 9
87 91 9
87 99 10
88 99 1
88 100 8
96 97 6
97 98 9
