100 118 137.5
2
2
1
2
2
2
2
2
1
2
2
2
2
2
1
1
2
10
2
2
2
2
2
2
2
8
2
2
2
2
2
1
2
10
2
2
9
2
2
2
2
9
1
2
3
2
9
10
1
2
2
1
1
2
2
2
3
3
1
3
6
3
8
10
9
8
3
3
10
3
3
3
3
8
3
4
3
10
10
5
3
3
7
9
6
3
2
3
2
7
10
10
8
3
9
3
2
3
3
5
1 2 8
1 3 6
1 9 5
1 31 10
1 32 7
2 34 9
2 35 9
3 4 9
4 5 10
4 37 9
5 6 9
5 7 8
6 38 8
6 40 10
6 41 9
7 8 9
7 42 8
8 43 6
8 45 6
8 46 8
9 10 9
10 11 9
10 37 9
11 12 9
11 13 5
12 14 10
12 47 10
13 17 10
13 34 8
14 15 8
14 18 10
15 16 5
15 18 2
15 42 2
16 19 10
16 21 5
16 48 7
17 22 8
17 49 8
18 21 3
19 20 9
19 23 8
20 24 9
20 51 8
20 52 5
21 24 10
22 26 8
22 53 6
23 27 9
23 48 10
24 25 9
25 28 9
25 60 8
26 47 9
26 65 10
27 45 10
27 66 8
28 29 9
28 67 10
29 30 8
29 65 10
30 68 10
30 70 9
31 75 10
32 33 9
33 77 8
33 78 10
35 36 9
36 79 10
36 80 9
36 81 10
38 39 10
39 46 2
39 84 10
39 85 10
40 86 8
41 88 9
43 44 9
44 66 10
44 90 9
49 50 7
50 91 10
50 92 8
51 93 9
52 94 9
53 54 8
54 55 10
54 56 10
55 95 9
55 96 10
56 57 9
56 91 10
57 58 10
57 59 9
58 59 1
58 98 10
60 61 10
61 62 7
62 63 9
62 67 8
63 64 10
64 94 8
68 69 8
69 95 10
70 71 8
71 72 9
71 73 5
72 73 10
72 74 9
75 76 8
78 79 9
81 82 9
82 83 10
86 87 9
88 89 10
96 97 9
98 99 9
99 100 9
