50 66 68.75
10
3
4
1
4
2
7
4
2
3
2
3
1
3
6
3
3
1
6
7
1
1
5
4
6
9
1
7
1
2
1
1
7
6
2
9
7
2
4
10
4
6
8
7
6
10
10
6
8
1
1 2 0.25
1 3 0.25
1 15 0.333333
1 16 0.333333
1 17 0.333333
2 4 0.25
2 18 0.333333
2 19 0.333333
3 5 0.1
3 17 0.333333
3 20 0.333333
4 6 0.25
4 7 0.25
4 22 0.333333
5 16 0.333333
5 20 0.333333
5 23 1
6 8 0.25
6 24 0.333333
6 25 0.5
7 9 0.25
7 19 0.333333
7 28 0.5
8 29 0.333333
8 31 0.333333
8 32 0.5
9 10 0.35
9 19 0.333333
9 33 0.5
10 11 0.1
10 12 0.25
10 34 1
11 18 0.333333
11 35 0.333333
11 38 0.5
12 13 0.25
12 44 1
12 45 1
13 14 0.25
13 46 1
13 47 1
14 24 0.333333
14 33 0.5
14 48 1
15 18 0.333333
15 35 0.333333
16 49 1
17 22 0.333333
20 21 0.333333
21 29 0.333333
21 31 0.33
21 50 0.1
22 31 0.333333
24 28 0.5
25 26 0.5
26 27 0.5
27 32 0.5
29 30 0.5
30 50 0.5
35 36 0.5
36 37 1
38 39 0.5
39 40 1
39 41 0.333333
41 42 1
41 43 1
