73 108
3
10
3
3
1
7
10
2
1
1
3
1
3
3
3
3
10
8
2
9
1
1
3
10
3
10
3
8
9
5
9
4
4
1
4
1
8
6
4
4
1
5
9
8
8
8
4
4
4
8
4
3
9
6
6
4
4
1
8
1
6
8
10
4
4
4
9
9
10
3
4
9
1
1 2 10
1 3 10
1 5 9
2 4 8
2 6 8
3 9 6
3 24 9
4 9 2
5 10 7
6 10 3
7 8 9
7 27 9
8 9 7
8 10 3
9 11 9
9 12 6
10 11 9
10 12 1
11 13 10
11 14 9
12 13 8
12 23 7
13 23 10
13 39 8
14 16 10
15 16 9
15 21 9
15 24 9
16 17 9
16 19 5
17 18 8
17 22 10
18 21 1
19 20 10
20 23 10
21 22 3
21 73 6
23 41 6
25 26 10
25 27 2
25 29 10
26 28 10
26 30 8
27 33 8
27 48 10
28 33 9
29 34 5
30 34 2
31 32 8
32 33 8
32 34 1
33 35 10
33 36 8
34 35 9
34 36 1
35 37 9
35 38 10
36 37 1
36 47 5
37 47 10
38 40 7
39 40 9
39 45 10
39 48 8
40 41 10
40 43 9
41 42 7
41 46 6
42 45 10
43 44 10
44 47 2
45 46 10
47 66 10
49 50 8
49 51 10
49 53 9
50 52 9
50 54 9
51 57 10
51 72 8
52 57 2
53 58 7
54 58 2
55 56 10
56 57 8
56 58 3
57 59 5
57 60 7
58 59 10
58 60 1
59 61 9
59 62 9
60 61 2
60 71 8
61 71 2
62 64 8
63 64 5
63 69 9
63 72 10
64 65 10
64 67 9
65 66 8
65 70 10
66 69 9
67 68 9
68 71 8
69 70 2
71 73 10
